 -1.46032E-03, -1.44315E-03, -1.42178E-03, -1.39587E-03, -1.36509E-03, -1.32909E-03, -1.28753E-03, -1.24006E-03, -1.18635E-03, -1.12606E-03, -1.05889E-03, -9.84561E-04, -9.02820E-04, -8.13470E-04, -7.16375E-04, -6.11466E-04, -4.98769E-04, -3.78409E-04, -2.50638E-04, -1.15845E-04,  2.54206E-05,  1.72432E-04,  3.24271E-04,  4.79812E-04,  6.37714E-04,  7.96412E-04,  9.54125E-04,  1.10886E-03,  1.25845E-03,  1.40057E-03,  1.53276E-03,  1.65256E-03,  1.75748E-03,  1.84517E-03,  1.91342E-03,  1.96032E-03,  1.98429E-03,  1.98420E-03,  1.95937E-03,  1.90969E-03,  1.83555E-03,  1.73792E-03,  1.61826E-03,  1.47847E-03,  1.32086E-03,  1.14801E-03,  9.62700E-04,  7.67841E-04,  5.66339E-04,  3.61041E-04,  1.54653E-04, -5.03093E-05, -2.51570E-04, -4.47116E-04, -6.35215E-04, -8.14421E-04, -9.83566E-04, -1.14175E-03, -1.28832E-03, -1.42286E-03, -1.54514E-03, -1.65512E-03, -1.75294E-03, -1.83882E-03, -1.91312E-03, -1.97630E-03, -2.02886E-03, -2.07137E-03, -2.10443E-03, -2.12866E-03, -2.14469E-03, -2.15317E-03, -2.15472E-03, -2.14995E-03, -2.13947E-03, -2.12385E-03, -2.10363E-03, -2.07935E-03, -2.05148E-03, -2.02048E-03, -1.98679E-03, -1.95080E-03, -1.91287E-03, -1.87335E-03, -1.83254E-03, -1.79071E-03, -1.74813E-03, -1.70502E-03, -1.66159E-03,
 -1.49684E-03, -1.47956E-03, -1.45780E-03, -1.43119E-03, -1.39934E-03, -1.36187E-03, -1.31837E-03, -1.26843E-03, -1.21166E-03, -1.14767E-03, -1.07606E-03, -9.96477E-04, -9.08608E-04, -8.12171E-04, -7.06949E-04, -5.92799E-04, -4.69673E-04, -3.37635E-04, -1.96883E-04, -4.77690E-05,  1.09173E-04,  2.73208E-04,  4.43377E-04,  6.18477E-04,  7.97042E-04,  9.77339E-04,  1.15736E-03,  1.33484E-03,  1.50726E-03,  1.67189E-03,  1.82586E-03,  1.96620E-03,  2.08993E-03,  2.19416E-03,  2.27621E-03,  2.33370E-03,  2.36467E-03,  2.36766E-03,  2.34183E-03,  2.28697E-03,  2.20355E-03,  2.09272E-03,  1.95625E-03,  1.79645E-03,  1.61612E-03,  1.41838E-03,  1.20662E-03,  9.84292E-04,  7.54875E-04,  5.21726E-04,  2.88015E-04,  5.66536E-05, -1.69754E-04, -3.88937E-04, -5.98972E-04, -7.98282E-04, -9.85625E-04, -1.16007E-03, -1.32099E-03, -1.46801E-03, -1.60097E-03, -1.71994E-03, -1.82514E-03, -1.91693E-03, -1.99580E-03, -2.06231E-03, -2.11709E-03, -2.16084E-03, -2.19426E-03, -2.21810E-03, -2.23310E-03, -2.23997E-03, -2.23945E-03, -2.23223E-03, -2.21898E-03, -2.20034E-03, -2.17692E-03, -2.14929E-03, -2.11799E-03, -2.08351E-03, -2.04632E-03, -2.00685E-03, -1.96548E-03, -1.92257E-03, -1.87845E-03, -1.83341E-03, -1.78772E-03, -1.74161E-03, -1.69529E-03,
 -1.53595E-03, -1.51873E-03, -1.49675E-03, -1.46960E-03, -1.43684E-03, -1.39803E-03, -1.35270E-03, -1.30039E-03, -1.24061E-03, -1.17290E-03, -1.09680E-03, -1.01185E-03, -9.17644E-04, -8.13811E-04, -7.00035E-04, -5.76081E-04, -4.41808E-04, -2.97193E-04, -1.42359E-04,  2.23986E-05,  1.96587E-04,  3.79480E-04,  5.70095E-04,  7.67161E-04,  9.69094E-04,  1.17398E-03,  1.37958E-03,  1.58330E-03,  1.78224E-03,  1.97322E-03,  2.15284E-03,  2.31753E-03,  2.46370E-03,  2.58783E-03,  2.68661E-03,  2.75708E-03,  2.79677E-03,  2.80384E-03,  2.77718E-03,  2.71650E-03,  2.62234E-03,  2.49606E-03,  2.33984E-03,  2.15651E-03,  1.94948E-03,  1.72257E-03,  1.47986E-03,  1.22553E-03,  9.63738E-04,  6.98450E-04,  4.33381E-04,  1.71899E-04, -8.30201E-05, -3.28825E-04, -5.63393E-04, -7.85022E-04, -9.92412E-04, -1.18463E-03, -1.36109E-03, -1.52148E-03, -1.66576E-03, -1.79413E-03, -1.90693E-03, -2.00468E-03, -2.08802E-03, -2.15764E-03, -2.21435E-03, -2.25896E-03, -2.29233E-03, -2.31531E-03, -2.32876E-03, -2.33352E-03, -2.33041E-03, -2.32022E-03, -2.30369E-03, -2.28154E-03, -2.25443E-03, -2.22301E-03, -2.18784E-03, -2.14947E-03, -2.10840E-03, -2.06509E-03, -2.01994E-03, -1.97335E-03, -1.92564E-03, -1.87713E-03, -1.82809E-03, -1.77877E-03, -1.72938E-03,
 -1.57781E-03, -1.56085E-03, -1.53886E-03, -1.51137E-03, -1.47789E-03, -1.43792E-03, -1.39093E-03, -1.33637E-03, -1.27368E-03, -1.20232E-03, -1.12171E-03, -1.03132E-03, -9.30613E-04, -8.19116E-04, -6.96398E-04, -5.62102E-04, -4.15971E-04, -2.57873E-04, -8.78267E-05,  9.39618E-05,  2.87065E-04,  4.90795E-04,  7.04168E-04,  9.25864E-04,  1.15419E-03,  1.38707E-03,  1.62198E-03,  1.85600E-03,  2.08579E-03,  2.30763E-03,  2.51750E-03,  2.71113E-03,  2.88417E-03,  3.03230E-03,  3.15142E-03,  3.23783E-03,  3.28842E-03,  3.30085E-03,  3.27365E-03,  3.20640E-03,  3.09972E-03,  2.95529E-03,  2.77575E-03,  2.56461E-03,  2.32606E-03,  2.06480E-03,  1.78577E-03,  1.49406E-03,  1.19463E-03,  8.92183E-04,  5.91084E-04,  2.95220E-04,  7.97937E-06, -2.67786E-04, -5.29753E-04, -7.76109E-04, -1.00552E-03, -1.21708E-03, -1.41027E-03, -1.58492E-03, -1.74112E-03, -1.87922E-03, -1.99975E-03, -2.10342E-03, -2.19102E-03, -2.26345E-03, -2.32166E-03, -2.36665E-03, -2.39942E-03, -2.42097E-03, -2.43229E-03, -2.43434E-03, -2.42804E-03, -2.41428E-03, -2.39390E-03, -2.36768E-03, -2.33636E-03, -2.30063E-03, -2.26112E-03, -2.21841E-03, -2.17305E-03, -2.12551E-03, -2.07624E-03, -2.02562E-03, -1.97403E-03, -1.92178E-03, -1.86915E-03, -1.81639E-03, -1.76373E-03,
 -1.62259E-03, -1.60613E-03, -1.58436E-03, -1.55677E-03, -1.52281E-03, -1.48191E-03, -1.43346E-03, -1.37684E-03, -1.31140E-03, -1.23649E-03, -1.15144E-03, -1.05559E-03, -9.48288E-04, -8.28921E-04, -6.96920E-04, -5.51787E-04, -3.93121E-04, -2.20643E-04, -3.42378E-05,  1.66014E-04,  3.79787E-04,  6.06468E-04,  8.45106E-04,  1.09436E-03,  1.35246E-03,  1.61714E-03,  1.88563E-03,  2.15464E-03,  2.42033E-03,  2.67837E-03,  2.92398E-03,  3.15208E-03,  3.35736E-03,  3.53452E-03,  3.67847E-03,  3.78455E-03,  3.84881E-03,  3.86823E-03,  3.84091E-03,  3.76623E-03,  3.64491E-03,  3.47900E-03,  3.27179E-03,  3.02762E-03,  2.75170E-03,  2.44980E-03,  2.12801E-03,  1.79249E-03,  1.44919E-03,  1.10373E-03,  7.61197E-04,  4.26082E-04,  1.02222E-04, -2.07217E-04, -4.99721E-04, -7.73393E-04, -1.02690E-03, -1.25941E-03, -1.47054E-03, -1.66027E-03, -1.82890E-03, -1.97697E-03, -2.10525E-03, -2.21465E-03, -2.30618E-03, -2.38096E-03, -2.44015E-03, -2.48491E-03, -2.51642E-03, -2.53585E-03, -2.54434E-03, -2.54297E-03, -2.53279E-03, -2.51478E-03, -2.48989E-03, -2.45898E-03, -2.42285E-03, -2.38226E-03, -2.33789E-03, -2.29037E-03, -2.24026E-03, -2.18808E-03, -2.13430E-03, -2.07933E-03, -2.02354E-03, -1.96726E-03, -1.91078E-03, -1.85437E-03, -1.79823E-03,
 -1.67046E-03, -1.65477E-03, -1.63351E-03, -1.60610E-03, -1.57194E-03, -1.53038E-03, -1.48074E-03, -1.42231E-03, -1.35434E-03, -1.27607E-03, -1.18671E-03, -1.08546E-03, -9.71534E-04, -8.44164E-04, -7.02615E-04, -5.46217E-04, -3.74387E-04, -1.86670E-04,  1.72295E-05,  2.37398E-04,  4.73660E-04,  7.25526E-04,  9.92122E-04,  1.27213E-03,  1.56373E-03,  1.86450E-03,  2.17143E-03,  2.48082E-03,  2.78830E-03,  3.08882E-03,  3.37676E-03,  3.64600E-03,  3.89008E-03,  4.10248E-03,  4.27683E-03,  4.40724E-03,  4.48869E-03,  4.51724E-03,  4.49040E-03,  4.40729E-03,  4.26874E-03,  4.07728E-03,  3.83702E-03,  3.55341E-03,  3.23295E-03,  2.88280E-03,  2.51047E-03,  2.12346E-03,  1.72895E-03,  1.33362E-03,  9.43415E-04,  5.63502E-04,  1.98200E-04, -1.49012E-04, -4.75457E-04, -7.79198E-04, -1.05896E-03, -1.31405E-03, -1.54426E-03, -1.74982E-03, -1.93126E-03, -2.08940E-03, -2.22528E-03, -2.34007E-03, -2.43504E-03, -2.51156E-03, -2.57101E-03, -2.61477E-03, -2.64423E-03, -2.66073E-03, -2.66556E-03, -2.65995E-03, -2.64510E-03, -2.62209E-03, -2.59195E-03, -2.55565E-03, -2.51407E-03, -2.46800E-03, -2.41820E-03, -2.36533E-03, -2.30999E-03, -2.25274E-03, -2.19404E-03, -2.13435E-03, -2.07403E-03, -2.01344E-03, -1.95286E-03, -1.89254E-03, -1.83272E-03,
 -1.72158E-03, -1.70697E-03, -1.68653E-03, -1.65963E-03, -1.62560E-03, -1.58372E-03, -1.53323E-03, -1.47330E-03, -1.40310E-03, -1.32173E-03, -1.22827E-03, -1.12179E-03, -1.00131E-03, -8.65904E-04, -7.14636E-04, -5.46633E-04, -3.61097E-04, -1.57346E-04,  6.51394E-05,  3.06668E-04,  5.67273E-04,  8.46645E-04,  1.14405E-03,  1.45827E-03,  1.78745E-03,  2.12911E-03,  2.47996E-03,  2.83592E-03,  3.19203E-03,  3.54245E-03,  3.88056E-03,  4.19899E-03,  4.48991E-03,  4.74522E-03,  4.95693E-03,  5.11759E-03,  5.22071E-03,  5.26118E-03,  5.23568E-03,  5.14297E-03,  4.98401E-03,  4.76196E-03,  4.48200E-03,  4.15103E-03,  3.77720E-03,  3.36950E-03,  2.93723E-03,  2.48954E-03,  2.03514E-03,  1.58194E-03,  1.13689E-03,  7.05896E-04,  2.93779E-04, -9.56923E-05, -4.59726E-04, -7.96413E-04, -1.10461E-03, -1.38385E-03, -1.63420E-03, -1.85617E-03, -2.05065E-03, -2.21878E-03, -2.36191E-03, -2.48155E-03, -2.57927E-03, -2.65672E-03, -2.71555E-03, -2.75738E-03, -2.78382E-03, -2.79641E-03, -2.79662E-03, -2.78585E-03, -2.76542E-03, -2.73653E-03, -2.70034E-03, -2.65788E-03, -2.61011E-03, -2.55791E-03, -2.50206E-03, -2.44328E-03, -2.38219E-03, -2.31939E-03, -2.25536E-03, -2.19056E-03, -2.12538E-03, -2.06016E-03, -1.99520E-03, -1.93076E-03, -1.86705E-03,
 -1.77609E-03, -1.76291E-03, -1.74365E-03, -1.71764E-03, -1.68414E-03, -1.64234E-03, -1.59138E-03, -1.53036E-03, -1.45831E-03, -1.37420E-03, -1.27697E-03, -1.16551E-03, -1.03867E-03, -8.95314E-04, -7.34281E-04, -5.54456E-04, -3.54785E-04, -1.34312E-04,  1.07766E-04,  3.72043E-04,  6.58832E-04,  9.68083E-04,  1.29929E-03,  1.65138E-03,  2.02260E-03,  2.41041E-03,  2.81135E-03,  3.22094E-03,  3.63361E-03,  4.04266E-03,  4.44027E-03,  4.81766E-03,  5.16523E-03,  5.47295E-03,  5.73079E-03,  5.92919E-03,  6.05975E-03,  6.11578E-03,  6.09284E-03,  5.98916E-03,  5.80585E-03,  5.54691E-03,  5.21895E-03,  4.83075E-03,  4.39268E-03,  3.91604E-03,  3.41241E-03,  2.89306E-03,  2.36850E-03,  1.84812E-03,  1.34001E-03,  8.50873E-04,  3.86012E-04, -5.05614E-05, -4.56026E-04, -8.28599E-04, -1.16739E-03, -1.47224E-03, -1.74359E-03, -1.98238E-03, -2.18988E-03, -2.36766E-03, -2.51746E-03, -2.64117E-03, -2.74071E-03, -2.81805E-03, -2.87516E-03, -2.91393E-03, -2.93620E-03, -2.94375E-03, -2.93823E-03, -2.92122E-03, -2.89418E-03, -2.85845E-03, -2.81528E-03, -2.76581E-03, -2.71107E-03, -2.65200E-03, -2.58944E-03, -2.52413E-03, -2.45676E-03, -2.38791E-03, -2.31810E-03, -2.24780E-03, -2.17739E-03, -2.10724E-03, -2.03763E-03, -1.96881E-03, -1.90100E-03,
 -1.83414E-03, -1.82276E-03, -1.80510E-03, -1.78041E-03, -1.74788E-03, -1.70662E-03, -1.65569E-03, -1.59406E-03, -1.52063E-03, -1.43425E-03, -1.33369E-03, -1.21764E-03, -1.08477E-03, -9.33687E-04, -7.62995E-04, -5.71292E-04, -3.57215E-04, -1.19483E-04,  1.43059E-04,  4.31363E-04,  7.46107E-04,  1.08760E-03,  1.45565E-03,  1.84947E-03,  2.26748E-03,  2.70722E-03,  3.16510E-03,  3.63632E-03,  4.11470E-03,  4.59257E-03,  5.06082E-03,  5.50892E-03,  5.92519E-03,  6.29716E-03,  6.61211E-03,  6.85781E-03,  7.02329E-03,  7.09966E-03,  7.08097E-03,  6.96470E-03,  6.75215E-03,  6.44841E-03,  6.06199E-03,  5.60421E-03,  5.08837E-03,  4.52879E-03,  3.93996E-03,  3.33579E-03,  2.72898E-03,  2.13065E-03,  1.55015E-03,  9.94988E-04,  4.70928E-04, -1.78898E-05, -4.68742E-04, -8.80117E-04, -1.25151E-03, -1.58323E-03, -1.87622E-03, -2.13192E-03, -2.35214E-03, -2.53892E-03, -2.69450E-03, -2.82118E-03, -2.92133E-03, -2.99727E-03, -3.05131E-03, -3.08565E-03, -3.10240E-03, -3.10358E-03, -3.09106E-03, -3.06659E-03, -3.03178E-03, -2.98812E-03, -2.93697E-03, -2.87955E-03, -2.81698E-03, -2.75026E-03, -2.68026E-03, -2.60779E-03, -2.53354E-03, -2.45812E-03, -2.38207E-03, -2.30585E-03, -2.22986E-03, -2.15446E-03, -2.07991E-03, -2.00648E-03, -1.93437E-03,
 -1.89583E-03, -1.88669E-03, -1.87108E-03, -1.84820E-03, -1.81715E-03, -1.77697E-03, -1.72661E-03, -1.66495E-03, -1.59074E-03, -1.50267E-03, -1.39934E-03, -1.27925E-03, -1.14083E-03, -9.82433E-04, -8.02376E-04, -5.98933E-04, -3.70385E-04, -1.15060E-04,  1.68616E-04,  4.82045E-04,  8.26370E-04,  1.20236E-03,  1.61030E-03,  2.04979E-03,  2.51961E-03,  3.01747E-03,  3.53983E-03,  4.08165E-03,  4.63617E-03,  5.19475E-03,  5.74682E-03,  6.27983E-03,  6.77956E-03,  7.23049E-03,  7.61648E-03,  7.92172E-03,  8.13178E-03,  8.23484E-03,  8.22277E-03,  8.09200E-03,  7.84403E-03,  7.48543E-03,  7.02731E-03,  6.48441E-03,  5.87391E-03,  5.21413E-03,  4.52329E-03,  3.81857E-03,  3.11532E-03,  2.42664E-03,  1.76325E-03,  1.13342E-03,  5.43262E-04, -3.12949E-06, -5.03316E-04, -9.56253E-04, -1.36201E-03, -1.72153E-03, -2.03642E-03, -2.30876E-03, -2.54098E-03, -2.73575E-03, -2.89584E-03, -3.02407E-03, -3.12327E-03, -3.19621E-03, -3.24555E-03, -3.27383E-03, -3.28349E-03, -3.27677E-03, -3.25578E-03, -3.22246E-03, -3.17859E-03, -3.12580E-03, -3.06555E-03, -2.99916E-03, -2.92783E-03, -2.85260E-03, -2.77441E-03, -2.69408E-03, -2.61234E-03, -2.52981E-03, -2.44703E-03, -2.36447E-03, -2.28254E-03, -2.20155E-03, -2.12180E-03, -2.04352E-03, -1.96690E-03,
 -1.96126E-03, -1.95482E-03, -1.94176E-03, -1.92122E-03, -1.89224E-03, -1.85376E-03, -1.80463E-03, -1.74360E-03, -1.66931E-03, -1.58027E-03, -1.47489E-03, -1.35146E-03, -1.20816E-03, -1.04306E-03, -8.54160E-04, -6.39359E-04, -3.96533E-04, -1.23551E-04,  1.81660E-04,  5.21046E-04,  8.96333E-04,  1.30890E-03,  1.75962E-03,  2.24871E-03,  2.77546E-03,  3.33800E-03,  3.93299E-03,  4.55532E-03,  5.19780E-03,  5.85083E-03,  6.50224E-03,  7.13722E-03,  7.73848E-03,  8.28668E-03,  8.76132E-03,  9.14183E-03,  9.40913E-03,  9.54729E-03,  9.54514E-03,  9.39758E-03,  9.10635E-03,  8.68003E-03,  8.13329E-03,  7.48556E-03,  6.75925E-03,  5.97794E-03,  5.16468E-03,  4.34068E-03,  3.52446E-03,  2.73135E-03,  1.97341E-03,  1.25961E-03,  5.96152E-04, -1.31540E-05, -5.66431E-04, -1.06336E-03, -1.50482E-03, -1.89261E-03, -2.22916E-03, -2.51736E-03, -2.76041E-03, -2.96167E-03, -3.12455E-03, -3.25249E-03, -3.34882E-03, -3.41679E-03, -3.45947E-03, -3.47981E-03, -3.48052E-03, -3.46414E-03, -3.43302E-03, -3.38930E-03, -3.33493E-03, -3.27167E-03, -3.20110E-03, -3.12463E-03, -3.04352E-03, -2.95888E-03, -2.87169E-03, -2.78278E-03, -2.69291E-03, -2.60270E-03, -2.51270E-03, -2.42338E-03, -2.33511E-03, -2.24823E-03, -2.16300E-03, -2.07964E-03, -1.99832E-03,
 -2.03048E-03, -2.02725E-03, -2.01730E-03, -1.99970E-03, -1.97342E-03, -1.93733E-03, -1.89017E-03, -1.83057E-03, -1.75701E-03, -1.66785E-03, -1.56131E-03, -1.43543E-03, -1.28814E-03, -1.11719E-03, -9.20219E-04, -6.94731E-04, -4.38132E-04, -1.47769E-04,  1.79019E-04,  5.44831E-04,  9.52100E-04,  1.40297E-03,  1.89911E-03,  2.44154E-03,  3.03032E-03,  3.66425E-03,  4.34049E-03,  5.05413E-03,  5.79773E-03,  6.56088E-03,  7.32979E-03,  8.08710E-03,  8.81190E-03,  9.48018E-03,  1.00658E-02,  1.05418E-02,  1.08829E-02,  1.10674E-02,  1.10798E-02,  1.09127E-02,  1.05682E-02,  1.00575E-02,  9.40037E-03,  8.62269E-03,  7.75399E-03,  6.82482E-03,  5.86442E-03,  4.89902E-03,  3.95078E-03,  3.03743E-03,  2.17231E-03,  1.36478E-03,  6.20788E-04, -5.65180E-05, -6.66195E-04, -1.20899E-03, -1.68688E-03, -2.10275E-03, -2.46009E-03, -2.76275E-03, -3.01484E-03, -3.22053E-03, -3.38398E-03, -3.50928E-03, -3.60037E-03, -3.66101E-03, -3.69474E-03, -3.70489E-03, -3.69453E-03, -3.66650E-03, -3.62338E-03, -3.56752E-03, -3.50104E-03, -3.42585E-03, -3.34362E-03, -3.25587E-03, -3.16391E-03, -3.06890E-03, -2.97184E-03, -2.87360E-03, -2.77494E-03, -2.67647E-03, -2.57875E-03, -2.48222E-03, -2.38725E-03, -2.29416E-03, -2.20318E-03, -2.11451E-03, -2.02831E-03,
 -2.10351E-03, -2.10403E-03, -2.09779E-03, -2.08379E-03, -2.06093E-03, -2.02801E-03, -1.98365E-03, -1.92637E-03, -1.85450E-03, -1.76624E-03, -1.65958E-03, -1.53235E-03, -1.38217E-03, -1.20649E-03, -1.00253E-03, -7.67365E-04, -4.97879E-04, -1.90825E-04,  1.57133E-04,  5.49355E-04,  9.89128E-04,  1.47953E-03,  2.02325E-03,  2.62236E-03,  3.27799E-03,  3.98996E-03,  4.75630E-03,  5.57269E-03,  6.43180E-03,  7.32267E-03,  8.23001E-03,  9.13374E-03,  1.00088E-02,  1.08254E-02,  1.15502E-02,  1.21480E-02,  1.25847E-02,  1.28306E-02,  1.28639E-02,  1.26740E-02,  1.22630E-02,  1.16463E-02,  1.08507E-02,  9.91088E-03,  8.86632E-03,  7.75683E-03,  6.61958E-03,  5.48687E-03,  4.38502E-03,  3.33413E-03,  2.34852E-03,  1.43743E-03,  6.06041E-04, -1.43720E-04, -8.12327E-04, -1.40200E-03, -1.91617E-03, -2.35909E-03, -2.73552E-03, -3.05048E-03, -3.30910E-03, -3.51649E-03, -3.67767E-03, -3.79745E-03, -3.88043E-03, -3.93093E-03, -3.95301E-03, -3.95040E-03, -3.92654E-03, -3.88458E-03, -3.82735E-03, -3.75742E-03, -3.67708E-03, -3.58835E-03, -3.49303E-03, -3.39271E-03, -3.28875E-03, -3.18235E-03, -3.07453E-03, -2.96618E-03, -2.85803E-03, -2.75072E-03, -2.64476E-03, -2.54060E-03, -2.43857E-03, -2.33895E-03, -2.24197E-03, -2.14779E-03, -2.05653E-03,
 -2.18033E-03, -2.18519E-03, -2.18330E-03, -2.17361E-03, -2.15496E-03, -2.12605E-03, -2.08542E-03, -2.03147E-03, -1.96239E-03, -1.87619E-03, -1.77066E-03, -1.64339E-03, -1.49170E-03, -1.31268E-03, -1.10316E-03, -8.59710E-04, -5.78661E-04, -2.56105E-04,  1.12061E-04,  5.30072E-04,  1.00221E-03,  1.53269E-03,  2.12544E-03,  2.78389E-03,  3.51060E-03,  4.30683E-03,  5.17198E-03,  6.10283E-03,  7.09276E-03,  8.13069E-03,  9.20017E-03,  1.02784E-02,  1.13357E-02,  1.23354E-02,  1.32351E-02,  1.39885E-02,  1.45495E-02,  1.48770E-02,  1.49402E-02,  1.47233E-02,  1.42289E-02,  1.34778E-02,  1.25068E-02,  1.13636E-02,  1.01011E-02,  8.77152E-03,  7.42205E-03,  6.09226E-03,  4.81291E-03,  3.60618E-03,  2.48668E-03,  1.46280E-03,  5.38088E-04, -2.87445E-04, -1.01630E-03, -1.65266E-03, -2.20181E-03, -2.66967E-03, -3.06249E-03, -3.38663E-03, -3.64843E-03, -3.85405E-03, -4.00941E-03, -4.12016E-03, -4.19159E-03, -4.22866E-03, -4.23592E-03, -4.21759E-03, -4.17748E-03, -4.11903E-03, -4.04536E-03, -3.95923E-03, -3.86308E-03, -3.75909E-03, -3.64913E-03, -3.53486E-03, -3.41769E-03, -3.29883E-03, -3.17932E-03, -3.06005E-03, -2.94173E-03, -2.82497E-03, -2.71028E-03, -2.59805E-03, -2.48860E-03, -2.38217E-03, -2.27895E-03, -2.17907E-03, -2.08260E-03,
 -2.26087E-03, -2.27069E-03, -2.27383E-03, -2.26921E-03, -2.25561E-03, -2.23165E-03, -2.19578E-03, -2.14628E-03, -2.08121E-03, -1.99841E-03, -1.89546E-03, -1.76968E-03, -1.61812E-03, -1.43749E-03, -1.22420E-03, -9.74303E-04, -6.83519E-04, -3.47223E-04,  3.95286E-05,  4.81961E-04,  9.85504E-04,  1.55568E-03,  2.19793E-03,  2.91736E-03,  3.71838E-03,  4.60419E-03,  5.57616E-03,  6.63292E-03,  7.76926E-03,  8.97483E-03,  1.02326E-02,  1.15175E-02,  1.27948E-02,  1.40200E-02,  1.51391E-02,  1.60915E-02,  1.68147E-02,  1.72511E-02,  1.73565E-02,  1.71076E-02,  1.65071E-02,  1.55839E-02,  1.43896E-02,  1.29901E-02,  1.14570E-02,  9.85900E-03,  8.25599E-03,  6.69579E-03,  5.21351E-03,  3.83258E-03,  2.56675E-03,  1.42230E-03,  4.00087E-04, -5.02742E-04, -1.29143E-03, -1.97269E-03, -2.55404E-03, -3.04337E-03, -3.44868E-03, -3.77783E-03, -4.03847E-03, -4.23793E-03, -4.38315E-03, -4.48064E-03, -4.53648E-03, -4.55625E-03, -4.54509E-03, -4.50766E-03, -4.44817E-03, -4.37039E-03, -4.27768E-03, -4.17300E-03, -4.05897E-03, -3.93784E-03, -3.81159E-03, -3.68191E-03, -3.55025E-03, -3.41784E-03, -3.28569E-03, -3.15467E-03, -3.02548E-03, -2.89869E-03, -2.77477E-03, -2.65407E-03, -2.53686E-03, -2.42335E-03, -2.31367E-03, -2.20791E-03, -2.10612E-03,
 -2.34500E-03, -2.36042E-03, -2.36932E-03, -2.37059E-03, -2.36294E-03, -2.34493E-03, -2.31494E-03, -2.27114E-03, -2.21144E-03, -2.13353E-03, -2.03479E-03, -1.91230E-03, -1.76279E-03, -1.58262E-03, -1.36775E-03, -1.11371E-03, -8.15578E-04, -4.67964E-04, -6.50094E-05,  3.99593E-04,  9.32557E-04,  1.54091E-03,  2.23185E-03,  3.01250E-03,  3.88955E-03,  4.86875E-03,  5.95415E-03,  7.14710E-03,  8.44488E-03,  9.83894E-03,  1.13129E-02,  1.28399E-02,  1.43807E-02,  1.58819E-02,  1.72757E-02,  1.84825E-02,  1.94173E-02,  1.99991E-02,  2.01638E-02,  1.98766E-02,  1.91399E-02,  1.79948E-02,  1.65141E-02,  1.47905E-02,  1.29215E-02,  1.09976E-02,  9.09417E-03,  7.26784E-03,  5.55721E-03,  3.98531E-03,  2.56314E-03,  1.29312E-03,  1.71980E-04, -8.07092E-04, -1.65289E-03, -2.37519E-03, -2.98416E-03, -3.48993E-03, -3.90242E-03, -4.23114E-03, -4.48519E-03, -4.67313E-03, -4.80299E-03, -4.88223E-03, -4.91771E-03, -4.91574E-03, -4.88200E-03, -4.82166E-03, -4.73930E-03, -4.63903E-03, -4.52443E-03, -4.39866E-03, -4.26447E-03, -4.12421E-03, -3.97992E-03, -3.83332E-03, -3.68585E-03, -3.53874E-03, -3.39298E-03, -3.24939E-03, -3.10864E-03, -2.97124E-03, -2.83761E-03, -2.70805E-03, -2.58278E-03, -2.46194E-03, -2.34561E-03, -2.23385E-03, -2.12663E-03,
 -2.43253E-03, -2.45422E-03, -2.46964E-03, -2.47764E-03, -2.47690E-03, -2.46593E-03, -2.44302E-03, -2.40625E-03, -2.35343E-03, -2.28207E-03, -2.18938E-03, -2.07219E-03, -1.92695E-03, -1.74966E-03, -1.53583E-03, -1.28046E-03, -9.77976E-04, -6.22185E-04, -2.06271E-04,  2.77236E-04,  8.36447E-04,  1.48006E-03,  2.21726E-03,  3.05753E-03,  4.01029E-03,  5.08443E-03,  6.28751E-03,  7.62466E-03,  9.09693E-03,  1.06991E-02,  1.24171E-02,  1.42239E-02,  1.60766E-02,  1.79125E-02,  1.96476E-02,  2.11782E-02,  2.23885E-02,  2.31643E-02,  2.34118E-02,  2.30781E-02,  2.21650E-02,  2.07313E-02,  1.88822E-02,  1.67486E-02,  1.44643E-02,  1.21481E-02,  9.89338E-03,  7.76529E-03,  5.80362E-03,  4.02809E-03,  2.44414E-03,  1.04801E-03, -1.69486E-04, -1.22029E-03, -2.11753E-03, -2.87457E-03, -3.50447E-03, -4.01983E-03, -4.43260E-03, -4.75407E-03, -4.99484E-03, -5.16480E-03, -5.27312E-03, -5.32824E-03, -5.33788E-03, -5.30905E-03, -5.24804E-03, -5.16049E-03, -5.05139E-03, -4.92512E-03, -4.78552E-03, -4.63591E-03, -4.47914E-03, -4.31764E-03, -4.15347E-03, -3.98835E-03, -3.82372E-03, -3.66076E-03, -3.50041E-03, -3.34345E-03, -3.19046E-03, -3.04191E-03, -2.89812E-03, -2.75935E-03, -2.62573E-03, -2.49735E-03, -2.37423E-03, -2.25635E-03, -2.14365E-03,
 -2.52320E-03, -2.55185E-03, -2.57456E-03, -2.59018E-03, -2.59735E-03, -2.59455E-03, -2.58001E-03, -2.55171E-03, -2.50738E-03, -2.44439E-03, -2.35978E-03, -2.25016E-03, -2.11170E-03, -1.94005E-03, -1.73033E-03, -1.47697E-03, -1.17376E-03, -8.13712E-04, -3.89016E-04,  1.09003E-04,  6.89931E-04,  1.36426E-03,  2.14337E-03,  3.03936E-03,  4.06483E-03,  5.23240E-03,  6.55398E-03,  8.03962E-03,  9.69567E-03,  1.15223E-02,  1.35096E-02,  1.56333E-02,  1.78486E-02,  2.00843E-02,  2.22384E-02,  2.41774E-02,  2.57444E-02,  2.67776E-02,  2.71392E-02,  2.67482E-02,  2.56045E-02,  2.37942E-02,  2.14705E-02,  1.88201E-02,  1.60269E-02,  1.32455E-02,  1.05888E-02,  8.12799E-03,  5.89971E-03,  3.91570E-03,  2.17192E-03,  6.55535E-04, -6.50389E-04, -1.76410E-03, -2.70365E-03, -3.48625E-03, -4.12807E-03, -4.64418E-03, -5.04862E-03, -5.35449E-03, -5.57394E-03, -5.71825E-03, -5.79776E-03, -5.82196E-03, -5.79944E-03, -5.73794E-03, -5.64436E-03, -5.52482E-03, -5.38467E-03, -5.22860E-03, -5.06063E-03, -4.88422E-03, -4.70230E-03, -4.51733E-03, -4.33137E-03, -4.14612E-03, -3.96295E-03, -3.78298E-03, -3.60709E-03, -3.43596E-03, -3.27009E-03, -3.10986E-03, -2.95552E-03, -2.80721E-03, -2.66502E-03, -2.52894E-03, -2.39892E-03, -2.27487E-03, -2.15667E-03,
 -2.61668E-03, -2.65297E-03, -2.68378E-03, -2.70792E-03, -2.72405E-03, -2.73059E-03, -2.72576E-03, -2.70747E-03, -2.67336E-03, -2.62070E-03, -2.54637E-03, -2.44679E-03, -2.31790E-03, -2.15504E-03, -1.95289E-03, -1.70542E-03, -1.40578E-03, -1.04619E-03, -6.17881E-04, -1.10954E-04,  4.85676E-04,  1.18437E-03,  1.99881E-03,  2.94394E-03,  4.03584E-03,  5.29140E-03,  6.72765E-03,  8.36069E-03,  1.02038E-02,  1.22646E-02,  1.45407E-02,  1.70134E-02,  1.96398E-02,  2.23425E-02,  2.50011E-02,  2.74471E-02,  2.94699E-02,  3.08411E-02,  3.13575E-02,  3.08944E-02,  2.94482E-02,  2.71457E-02,  2.42126E-02,  2.09167E-02,  1.75098E-02,  1.41898E-02,  1.10882E-02,  8.27594E-03,  5.77892E-03,  3.59418E-03,  1.70325E-03,  8.10689E-05, -1.29878E-03, -2.46155E-03, -3.43044E-03, -4.22645E-03, -4.86869E-03, -5.37460E-03, -5.76026E-03, -6.04054E-03, -6.22918E-03, -6.33884E-03, -6.38112E-03, -6.36657E-03, -6.30468E-03, -6.20394E-03, -6.07187E-03, -5.91502E-03, -5.73913E-03, -5.54910E-03, -5.34914E-03, -5.14278E-03, -4.93301E-03, -4.72226E-03, -4.51255E-03, -4.30551E-03, -4.10243E-03, -3.90432E-03, -3.71196E-03, -3.52590E-03, -3.34656E-03, -3.17419E-03, -3.00894E-03, -2.85085E-03, -2.69990E-03, -2.55601E-03, -2.41903E-03, -2.28880E-03, -2.16512E-03,
 -2.71255E-03, -2.75718E-03, -2.79687E-03, -2.83046E-03, -2.85660E-03, -2.87371E-03, -2.87998E-03, -2.87329E-03, -2.85122E-03, -2.81097E-03, -2.74928E-03, -2.66245E-03, -2.54618E-03, -2.39553E-03, -2.20486E-03, -1.96768E-03, -1.67654E-03, -1.32294E-03, -8.97188E-04, -3.88211E-04,  2.16551E-04,  9.31311E-04,  1.77207E-03,  2.75671E-03,  3.90500E-03,  5.23840E-03,  6.77968E-03,  8.55193E-03,  1.05769E-02,  1.28719E-02,  1.54452E-02,  1.82880E-02,  2.13642E-02,  2.45951E-02,  2.78443E-02,  3.09042E-02,  3.34972E-02,  3.53041E-02,  3.60260E-02,  3.54706E-02,  3.36271E-02,  3.06837E-02,  2.69751E-02,  2.28857E-02,  1.87573E-02,  1.48369E-02,  1.12676E-02,  8.10838E-03,  5.36240E-03,  3.00305E-03,  9.91803E-04, -7.11361E-04, -2.14324E-03, -3.33601E-03, -4.31744E-03, -5.11177E-03, -5.74051E-03, -6.22318E-03, -6.57771E-03, -6.82067E-03, -6.96739E-03, -7.03198E-03, -7.02732E-03, -6.96506E-03, -6.85564E-03, -6.70830E-03, -6.53112E-03, -6.33112E-03, -6.11434E-03, -5.88589E-03, -5.65007E-03, -5.41046E-03, -5.17001E-03, -4.93111E-03, -4.69567E-03, -4.46519E-03, -4.24085E-03, -4.02351E-03, -3.81380E-03, -3.61214E-03, -3.41879E-03, -3.23389E-03, -3.05744E-03, -2.88937E-03, -2.72956E-03, -2.57780E-03, -2.43387E-03, -2.29751E-03, -2.16842E-03,
 -2.81031E-03, -2.86395E-03, -2.91332E-03, -2.95728E-03, -2.99449E-03, -3.02340E-03, -3.04219E-03, -3.04875E-03, -3.04061E-03, -3.01494E-03, -2.96840E-03, -2.89717E-03, -2.79679E-03, -2.66212E-03, -2.48721E-03, -2.26517E-03, -1.98808E-03, -1.64679E-03, -1.23073E-03, -7.27798E-04, -1.24045E-04,  5.96490E-04,  1.45204E-03,  2.46336E-03,  3.65384E-03,  5.04966E-03,  6.67955E-03,  8.57419E-03,  1.07649E-02,  1.32806E-02,  1.61431E-02,  1.93585E-02,  2.29035E-02,  2.67058E-02,  3.06186E-02,  3.43957E-02,  3.76807E-02,  4.00347E-02,  4.10221E-02,  4.03477E-02,  3.79850E-02,  3.42141E-02,  2.95321E-02,  2.44898E-02,  1.95449E-02,  1.49927E-02,  1.09715E-02,  7.50746E-03,  4.56401E-03,  2.08012E-03, -7.83175E-06, -1.75607E-03, -3.21096E-03, -4.40999E-03, -5.38393E-03, -6.15894E-03, -6.75810E-03, -7.20247E-03, -7.51157E-03, -7.70363E-03, -7.79560E-03, -7.80309E-03, -7.74035E-03, -7.62020E-03, -7.45403E-03, -7.25182E-03, -7.02224E-03, -6.77270E-03, -6.50948E-03, -6.23782E-03, -5.96206E-03, -5.68575E-03, -5.41173E-03, -5.14227E-03, -4.87912E-03, -4.62360E-03, -4.37670E-03, -4.13910E-03, -3.91123E-03, -3.69336E-03, -3.48556E-03, -3.28781E-03, -3.09996E-03, -2.92182E-03, -2.75310E-03, -2.59351E-03, -2.44269E-03, -2.30030E-03, -2.16596E-03,
 -2.90938E-03, -2.97268E-03, -3.03249E-03, -3.08771E-03, -3.13705E-03, -3.17898E-03, -3.21173E-03, -3.23320E-03, -3.24094E-03, -3.23208E-03, -3.20329E-03, -3.15066E-03, -3.06963E-03, -2.95493E-03, -2.80037E-03, -2.59879E-03, -2.34185E-03, -2.01985E-03, -1.62156E-03, -1.13392E-03, -5.41806E-04,  1.72298E-04,  1.02864E-03,  2.05056E-03,  3.26487E-03,  4.70216E-03,  6.39695E-03,  8.38752E-03,  1.07150E-02,  1.34212E-02,  1.65438E-02,  2.01077E-02,  2.41095E-02,  2.84926E-02,  3.31110E-02,  3.76874E-02,  4.17805E-02,  4.48026E-02,  4.61287E-02,  4.53056E-02,  4.22729E-02,  3.74429E-02,  3.15556E-02,  2.53994E-02,  1.95767E-02,  1.44178E-02,  1.00222E-02,  6.34951E-03,  3.30093E-03,  7.70145E-04, -1.33396E-03, -3.08174E-03, -4.52539E-03, -5.70404E-03, -6.64851E-03, -7.38487E-03, -7.93658E-03, -8.32565E-03, -8.57301E-03, -8.69855E-03, -8.72097E-03, -8.65754E-03, -8.52399E-03, -8.33438E-03, -8.10109E-03, -7.83484E-03, -7.54483E-03, -7.23879E-03, -6.92316E-03, -6.60322E-03, -6.28327E-03, -5.96670E-03, -5.65619E-03, -5.35378E-03, -5.06098E-03, -4.77888E-03, -4.50821E-03, -4.24942E-03, -4.00272E-03, -3.76813E-03, -3.54555E-03, -3.33474E-03, -3.13540E-03, -2.94715E-03, -2.76959E-03, -2.60226E-03, -2.44472E-03, -2.29649E-03, -2.15709E-03,
 -3.00908E-03, -3.08265E-03, -3.15363E-03, -3.22097E-03, -3.28346E-03, -3.33963E-03, -3.38775E-03, -3.42578E-03, -3.45133E-03, -3.46157E-03, -3.45316E-03, -3.42222E-03, -3.36415E-03, -3.27359E-03, -3.14424E-03, -2.96876E-03, -2.73851E-03, -2.44343E-03, -2.07174E-03, -1.60967E-03, -1.04115E-03, -3.47409E-04,  4.93450E-04,  1.50694E-03,  2.72275E-03,  4.17527E-03,  5.90411E-03,  7.95442E-03,  1.03766E-02,  1.32249E-02,  1.65537E-02,  2.04095E-02,  2.48148E-02,  2.97401E-02,  3.50571E-02,  4.04760E-02,  4.54801E-02,  4.93118E-02,  5.10900E-02,  5.01111E-02,  4.62289E-02,  4.00381E-02,  3.26521E-02,  2.52145E-02,  1.85059E-02,  1.28509E-02,  8.24444E-03,  4.52748E-03,  1.51155E-03, -9.62521E-04, -3.00978E-03, -4.70697E-03, -6.10427E-03, -7.23617E-03, -8.12930E-03, -8.80711E-03, -9.29218E-03, -9.60704E-03, -9.77409E-03, -9.81514E-03, -9.75093E-03, -9.60066E-03, -9.38173E-03, -9.10954E-03, -8.79750E-03, -8.45705E-03, -8.09782E-03, -7.72777E-03, -7.35339E-03, -6.97988E-03, -6.61133E-03, -6.25091E-03, -5.90099E-03, -5.56329E-03, -5.23901E-03, -4.92890E-03, -4.63339E-03, -4.35262E-03, -4.08652E-03, -3.83486E-03, -3.59728E-03, -3.37333E-03, -3.16251E-03, -2.96427E-03, -2.77801E-03, -2.60317E-03, -2.43913E-03, -2.28531E-03, -2.14115E-03,
 -3.10863E-03, -3.19304E-03, -3.27586E-03, -3.35614E-03, -3.43274E-03, -3.50429E-03, -3.56915E-03, -3.62538E-03, -3.67065E-03, -3.70223E-03, -3.71687E-03, -3.71073E-03, -3.67928E-03, -3.61715E-03, -3.51805E-03, -3.37455E-03, -3.17790E-03, -2.91780E-03, -2.58217E-03, -2.15677E-03, -1.62488E-03, -9.66855E-04, -1.59620E-04,  8.23924E-04,  2.01557E-03,  3.45256E-03,  5.17840E-03,  7.24357E-03,  9.70598E-03,  1.26306E-02,  1.60871E-02,  2.01439E-02,  2.48539E-02,  3.02261E-02,  3.61749E-02,  4.24362E-02,  4.84596E-02,  5.33258E-02,  5.58152E-02,  5.47895E-02,  4.98547E-02,  4.18374E-02,  3.24855E-02,  2.35351E-02,  1.59882E-02,  1.00587E-02,  5.51077E-03,  1.98729E-03, -8.18971E-04, -3.11812E-03, -5.03493E-03, -6.63674E-03, -7.95893E-03, -9.02268E-03, -9.84530E-03, -1.04452E-02, -1.08433E-02, -1.10628E-02, -1.11283E-02, -1.10639E-02, -1.08932E-02, -1.06377E-02, -1.03166E-02, -9.94699E-03, -9.54319E-03, -9.11732E-03, -8.67932E-03, -8.23723E-03, -7.79743E-03, -7.36485E-03, -6.94326E-03, -6.53541E-03, -6.14325E-03, -5.76807E-03, -5.41061E-03, -5.07125E-03, -4.74999E-03, -4.44663E-03, -4.16075E-03, -3.89181E-03, -3.63919E-03, -3.40217E-03, -3.18002E-03, -2.97200E-03, -2.77733E-03, -2.59526E-03, -2.42506E-03, -2.26602E-03, -2.11744E-03,
 -3.20718E-03, -3.30291E-03, -3.39818E-03, -3.49213E-03, -3.58374E-03, -3.67175E-03, -3.75465E-03, -3.83061E-03, -3.89746E-03, -3.95258E-03, -3.99287E-03, -4.01463E-03, -4.01344E-03, -3.98407E-03, -3.92032E-03, -3.81481E-03, -3.65885E-03, -3.44211E-03, -3.15241E-03, -2.77534E-03, -2.29389E-03, -1.68795E-03, -9.33835E-04, -3.55728E-06,  1.13587E-03,  2.52333E-03,  4.20460E-03,  6.23339E-03,  8.67239E-03,  1.15939E-02,  1.50795E-02,  1.92165E-02,  2.40895E-02,  2.97582E-02,  3.62126E-02,  4.32845E-02,  5.04979E-02,  5.68632E-02,  6.07435E-02,  6.01657E-02,  5.39806E-02,  4.32465E-02,  3.09777E-02,  2.00658E-02,  1.17678E-02,  5.91916E-03,  1.81203E-03, -1.22190E-03, -3.62789E-03, -5.64559E-03, -7.37942E-03, -8.86197E-03, -1.00966E-02, -1.10812E-02, -1.18193E-02, -1.23231E-02, -1.26123E-02, -1.27123E-02, -1.26510E-02, -1.24565E-02, -1.21559E-02, -1.17735E-02, -1.13311E-02, -1.08472E-02, -1.03371E-02, -9.81351E-03, -9.28645E-03, -8.76383E-03, -8.25168E-03, -7.75447E-03, -7.27541E-03, -6.81667E-03, -6.37960E-03, -5.96492E-03, -5.57284E-03, -5.20318E-03, -4.85551E-03, -4.52915E-03, -4.22332E-03, -3.93711E-03, -3.66957E-03, -3.41971E-03, -3.18656E-03, -2.96911E-03, -2.76643E-03, -2.57757E-03, -2.40165E-03, -2.23782E-03, -2.08527E-03,
 -3.30378E-03, -3.41124E-03, -3.51947E-03, -3.62775E-03, -3.73516E-03, -3.84060E-03, -3.94272E-03, -4.03985E-03, -4.13001E-03, -4.21076E-03, -4.27921E-03, -4.33185E-03, -4.36450E-03, -4.37214E-03, -4.34879E-03, -4.28731E-03, -4.17917E-03, -4.01427E-03, -3.78057E-03, -3.46379E-03, -3.04697E-03, -2.51006E-03, -1.82929E-03, -9.76553E-04,  8.13524E-05,  1.38364E-03,  2.97656E-03,  4.91462E-03,  7.26198E-03,  1.00939E-02,  1.34980E-02,  1.75752E-02,  2.24384E-02,  2.82061E-02,  3.49820E-02,  4.27984E-02,  5.14664E-02,  6.02169E-02,  6.70581E-02,  6.84153E-02,  6.09327E-02,  4.56282E-02,  2.84209E-02,  1.46830E-02,  5.79036E-03,  5.45309E-04, -2.64694E-03, -4.88880E-03, -6.74593E-03, -8.43302E-03, -9.98477E-03, -1.13654E-02, -1.25275E-02, -1.34375E-02, -1.40834E-02, -1.44730E-02, -1.46281E-02, -1.45792E-02, -1.43605E-02, -1.40058E-02, -1.35472E-02, -1.30128E-02, -1.24268E-02, -1.18094E-02, -1.11769E-02, -1.05422E-02, -9.91511E-03, -9.30310E-03, -8.71154E-03, -8.14416E-03, -7.60335E-03, -7.09047E-03, -6.60610E-03, -6.15022E-03, -5.72233E-03, -5.32166E-03, -4.94717E-03, -4.59770E-03, -4.27199E-03, -3.96874E-03, -3.68663E-03, -3.42436E-03, -3.18067E-03, -2.95434E-03, -2.74418E-03, -2.54908E-03, -2.36800E-03, -2.19993E-03, -2.04394E-03,
 -3.39740E-03, -3.51690E-03, -3.63851E-03, -3.76163E-03, -3.88552E-03, -4.00924E-03, -4.13162E-03, -4.25122E-03, -4.36626E-03, -4.47456E-03, -4.57350E-03, -4.65985E-03, -4.72974E-03, -4.77848E-03, -4.80044E-03, -4.78885E-03, -4.73557E-03, -4.63090E-03, -4.46321E-03, -4.21866E-03, -3.88074E-03, -3.42987E-03, -2.84278E-03, -2.09197E-03, -1.14494E-03,  3.65998E-05,  1.49771E-03,  3.29133E-03,  5.47971E-03,  8.13623E-03,  1.13482E-02,  1.52213E-02,  1.98878E-02,  2.55212E-02,  3.23610E-02,  4.07395E-02,  5.10387E-02,  6.32882E-02,  7.57188E-02,  8.22547E-02,  7.39980E-02,  5.06974E-02,  2.50253E-02,  7.38577E-03, -1.62554E-03, -5.53663E-03, -7.33495E-03, -8.58863E-03, -9.88431E-03, -1.13145E-02, -1.27788E-02, -1.41379E-02, -1.52791E-02, -1.61361E-02, -1.66863E-02, -1.69402E-02, -1.69287E-02, -1.66932E-02, -1.62781E-02, -1.57260E-02, -1.50754E-02, -1.43589E-02, -1.36037E-02, -1.28313E-02, -1.20587E-02, -1.12984E-02, -1.05597E-02, -9.84926E-03, -9.17128E-03, -8.52837E-03, -7.92183E-03, -7.35193E-03, -6.81826E-03, -6.31984E-03, -5.85538E-03, -5.42332E-03, -5.02198E-03, -4.64958E-03, -4.30437E-03, -3.98457E-03, -3.68847E-03, -3.41444E-03, -3.16090E-03, -2.92636E-03, -2.70942E-03, -2.50878E-03, -2.32320E-03, -2.15154E-03, -1.99274E-03,
 -3.48693E-03, -3.61867E-03, -3.75393E-03, -3.89229E-03, -4.03318E-03, -4.17586E-03, -4.31939E-03, -4.46255E-03, -4.60385E-03, -4.74142E-03, -4.87295E-03, -4.99559E-03, -5.10586E-03, -5.19953E-03, -5.27143E-03, -5.31532E-03, -5.32365E-03, -5.28731E-03, -5.19537E-03, -5.03470E-03, -4.78962E-03, -4.44143E-03, -3.96791E-03, -3.34275E-03, -2.53496E-03, -1.50814E-03, -2.19760E-04,  1.37972E-03,  3.34794E-03,  5.75238E-03,  8.67352E-03,  1.22117E-02,  1.65023E-02,  2.17501E-02,  2.83021E-02,  3.67829E-02,  4.82647E-02,  6.41002E-02,  8.38969E-02,  9.92817E-02,  9.15141E-02,  5.64491E-02,  1.94644E-02, -1.64294E-03, -9.43124E-03, -1.11579E-02, -1.13059E-02, -1.16733E-02, -1.26594E-02, -1.41057E-02, -1.57111E-02, -1.72080E-02, -1.84188E-02, -1.92564E-02, -1.97039E-02, -1.97892E-02, -1.95645E-02, -1.90907E-02, -1.84283E-02, -1.76319E-02, -1.67477E-02, -1.58138E-02, -1.48597E-02, -1.39083E-02, -1.29761E-02, -1.20750E-02, -1.12130E-02, -1.03950E-02, -9.62384E-03, -8.90048E-03, -8.22471E-03, -7.59544E-03, -7.01097E-03, -6.46922E-03, -5.96789E-03, -5.50453E-03, -5.07669E-03, -4.68194E-03, -4.31792E-03, -3.98237E-03, -3.67314E-03, -3.38822E-03, -3.12571E-03, -2.88385E-03, -2.66099E-03, -2.45563E-03, -2.26636E-03, -2.09187E-03, -1.93099E-03,
 -3.57118E-03, -3.71523E-03, -3.86431E-03, -4.01815E-03, -4.17640E-03, -4.33853E-03, -4.50386E-03, -4.67147E-03, -4.84016E-03, -5.00843E-03, -5.17436E-03, -5.33554E-03, -5.48900E-03, -5.63104E-03, -5.75712E-03, -5.86167E-03, -5.93789E-03, -5.97752E-03, -5.97055E-03, -5.90487E-03, -5.76595E-03, -5.53638E-03, -5.19539E-03, -4.71841E-03, -4.07648E-03, -3.23575E-03, -2.15698E-03, -7.95019E-04,  9.01763E-04,  2.99255E-03,  5.54657E-03,  8.64967E-03,  1.24211E-02,  1.70547E-02,  2.29125E-02,  3.07190E-02,  4.18745E-02,  5.85678E-02,  8.17834E-02,  1.02594E-01,  9.48238E-02,  5.11975E-02,  8.80803E-03, -1.09265E-02, -1.52708E-02, -1.43661E-02, -1.32301E-02, -1.33511E-02, -1.46780E-02, -1.66806E-02, -1.88148E-02, -2.06883E-02, -2.20854E-02, -2.29324E-02, -2.32498E-02, -2.31085E-02, -2.25997E-02, -2.18152E-02, -2.08380E-02, -1.97374E-02, -1.85693E-02, -1.73762E-02, -1.61897E-02, -1.50326E-02, -1.39203E-02, -1.28626E-02, -1.18654E-02, -1.09313E-02, -1.00608E-02, -9.25269E-03, -8.50492E-03, -7.81462E-03, -7.17856E-03, -6.59332E-03, -6.05540E-03, -5.56136E-03, -5.10787E-03, -4.69175E-03, -4.31001E-03, -3.95984E-03, -3.63862E-03, -3.34395E-03, -3.07358E-03, -2.82547E-03, -2.59773E-03, -2.38863E-03, -2.19659E-03, -2.02016E-03, -1.85802E-03,
 -3.64891E-03, -3.80522E-03, -3.96809E-03, -4.13748E-03, -4.31325E-03, -4.49512E-03, -4.68269E-03, -4.87535E-03, -5.07227E-03, -5.27235E-03, -5.47413E-03, -5.67573E-03, -5.87474E-03, -6.06814E-03, -6.25211E-03, -6.42193E-03, -6.57174E-03, -6.69431E-03, -6.78080E-03, -6.82044E-03, -6.80013E-03, -6.70412E-03, -6.51347E-03, -6.20568E-03, -5.75420E-03, -5.12800E-03, -4.29128E-03, -3.20327E-03, -1.81817E-03, -8.49820E-05,  2.05353E-03,  4.66477E-03,  7.83835E-03,  1.17174E-02,  1.65720E-02,  2.29477E-02,  3.18906E-02,  4.49386E-02,  6.22903E-02,  7.58005E-02,  6.49132E-02,  2.75738E-02, -4.25947E-03, -1.56946E-02, -1.53869E-02, -1.26975E-02, -1.16498E-02, -1.28856E-02, -1.56933E-02, -1.90924E-02, -2.22962E-02, -2.48363E-02, -2.65267E-02, -2.73729E-02, -2.74851E-02, -2.70138E-02, -2.61118E-02, -2.49145E-02, -2.35330E-02, -2.20536E-02, -2.05406E-02, -1.90402E-02, -1.75840E-02, -1.61927E-02, -1.48789E-02, -1.36490E-02, -1.25053E-02, -1.14472E-02, -1.04720E-02, -9.57599E-03, -8.75442E-03, -8.00239E-03, -7.31480E-03, -6.68667E-03, -6.11315E-03, -5.58967E-03, -5.11191E-03, -4.67590E-03, -4.27793E-03, -3.91463E-03, -3.58288E-03, -3.27986E-03, -3.00298E-03, -2.74990E-03, -2.51848E-03, -2.30678E-03, -2.11304E-03, -1.93566E-03, -1.77320E-03,
 -3.71884E-03, -3.88718E-03, -4.06368E-03, -4.24850E-03, -4.44173E-03, -4.64339E-03, -4.85335E-03, -5.07138E-03, -5.29704E-03, -5.52967E-03, -5.76834E-03, -6.01175E-03, -6.25816E-03, -6.50532E-03, -6.75027E-03, -6.98928E-03, -7.21759E-03, -7.42924E-03, -7.61681E-03, -7.77110E-03, -7.88080E-03, -7.93211E-03, -7.90828E-03, -7.78918E-03, -7.55086E-03, -7.16512E-03, -6.59927E-03, -5.81607E-03, -4.77388E-03, -3.42716E-03, -1.72686E-03,  3.80231E-04,  2.95583E-03,  6.08329E-03,  9.89795E-03,  1.46376E-02,  2.06672E-02,  2.82150E-02,  3.60293E-02,  3.84978E-02,  2.73438E-02,  6.53410E-03, -7.41437E-03, -9.31809E-03, -6.01560E-03, -3.94465E-03, -5.40010E-03, -9.87563E-03, -1.58206E-02, -2.17398E-02, -2.66517E-02, -3.01274E-02, -3.21387E-02, -3.28784E-02, -3.26217E-02, -3.16449E-02, -3.01864E-02, -2.84355E-02, -2.65342E-02, -2.45840E-02, -2.26551E-02, -2.07932E-02, -1.90268E-02, -1.73718E-02, -1.58352E-02, -1.44183E-02, -1.31181E-02, -1.19296E-02, -1.08460E-02, -9.86014E-03, -8.96428E-03, -8.15095E-03, -7.41295E-03, -6.74346E-03, -6.13614E-03, -5.58514E-03, -5.08512E-03, -4.63120E-03, -4.21895E-03, -3.84439E-03, -3.50390E-03, -3.19422E-03, -2.91243E-03, -2.65586E-03, -2.42215E-03, -2.20914E-03, -2.01490E-03, -1.83768E-03, -1.67592E-03,
 -3.77964E-03, -3.95963E-03, -4.14940E-03, -4.34932E-03, -4.55975E-03, -4.78096E-03, -5.01320E-03, -5.25657E-03, -5.51109E-03, -5.77660E-03, -6.05271E-03, -6.33880E-03, -6.63387E-03, -6.93652E-03, -7.24480E-03, -7.55608E-03, -7.86691E-03, -8.17279E-03, -8.46795E-03, -8.74508E-03, -8.99496E-03, -9.20608E-03, -9.36423E-03, -9.45196E-03, -9.44810E-03, -9.32725E-03, -9.05932E-03, -8.60929E-03, -7.93719E-03, -6.99842E-03, -5.74459E-03, -4.12460E-03, -2.08573E-03,  4.25747E-04,  3.46270E-03,  7.06240E-03,  1.11744E-02,  1.54164E-02,  1.85466E-02,  1.82369E-02,  1.33500E-02,  7.88381E-03,  7.51357E-03,  1.16628E-02,  1.49511E-02,  1.32599E-02,  6.06905E-03, -4.54712E-03, -1.58094E-02, -2.55817E-02, -3.28083E-02, -3.73286E-02, -3.94938E-02, -3.98435E-02, -3.89137E-02, -3.71534E-02, -3.49052E-02, -3.24145E-02, -2.98494E-02, -2.73200E-02, -2.48947E-02, -2.26130E-02, -2.04949E-02, -1.85470E-02, -1.67680E-02, -1.51511E-02, -1.36866E-02, -1.23633E-02, -1.11696E-02, -1.00937E-02, -9.12467E-03, -8.25193E-03, -7.46584E-03, -6.75759E-03, -6.11917E-03, -5.54337E-03, -5.02373E-03, -4.55445E-03, -4.13035E-03, -3.74681E-03, -3.39971E-03, -3.08536E-03, -2.80048E-03, -2.54214E-03, -2.30770E-03, -2.09483E-03, -1.90142E-03, -1.72559E-03, -1.56564E-03,
 -3.82997E-03, -4.02106E-03, -4.22354E-03, -4.43803E-03, -4.66511E-03, -4.90540E-03, -5.15945E-03, -5.42780E-03, -5.71090E-03, -6.00913E-03, -6.32273E-03, -6.65177E-03, -6.99608E-03, -7.35521E-03, -7.72829E-03, -8.11399E-03, -8.51029E-03, -8.91437E-03, -9.32240E-03, -9.72921E-03, -1.01280E-02, -1.05101E-02, -1.08641E-02, -1.11756E-02, -1.14268E-02, -1.15950E-02, -1.16526E-02, -1.15658E-02, -1.12938E-02, -1.07885E-02, -9.99331E-03, -8.84392E-03, -7.26870E-03, -5.19176E-03, -2.54111E-03,  7.30212E-04,  4.59535E-03,  8.87169E-03,  1.31904E-02,  1.73261E-02,  2.20512E-02,  2.91384E-02,  3.87388E-02,  4.70506E-02,  4.84114E-02,  3.97121E-02,  2.25860E-02,  1.89305E-03, -1.74315E-02, -3.24232E-02, -4.22769E-02, -4.75531E-02, -4.93390E-02, -4.87324E-02, -4.66278E-02, -4.36777E-02, -4.03268E-02, -3.68630E-02, -3.34641E-02, -3.02336E-02, -2.72262E-02, -2.44653E-02, -2.19553E-02, -1.96883E-02, -1.76504E-02, -1.58240E-02, -1.41904E-02, -1.27310E-02, -1.14278E-02, -1.02643E-02, -9.22510E-03, -8.29647E-03, -7.46605E-03, -6.72281E-03, -6.05699E-03, -5.45994E-03, -4.92403E-03, -4.44253E-03, -4.00949E-03, -3.61967E-03, -3.26843E-03, -2.95169E-03, -2.66582E-03, -2.40760E-03, -2.17419E-03, -1.96305E-03, -1.77193E-03, -1.59881E-03, -1.44190E-03,
 -3.86848E-03, -4.06994E-03, -4.28439E-03, -4.51266E-03, -4.75563E-03, -5.01419E-03, -5.28928E-03, -5.58183E-03, -5.89280E-03, -6.22311E-03, -6.57366E-03, -6.94526E-03, -7.33865E-03, -7.75439E-03, -8.19282E-03, -8.65399E-03, -9.13752E-03, -9.64248E-03, -1.01672E-02, -1.07090E-02, -1.12639E-02, -1.18265E-02, -1.23887E-02, -1.29402E-02, -1.34666E-02, -1.39490E-02, -1.43626E-02, -1.46747E-02, -1.48429E-02, -1.48126E-02, -1.45129E-02, -1.38537E-02, -1.27203E-02, -1.09685E-02, -8.41980E-03, -4.85655E-03, -1.37730E-05,  6.45041E-03,  1.50439E-02,  2.65815E-02,  4.20684E-02,  6.16006E-02,  8.21857E-02,  9.65337E-02,  9.58210E-02,  7.62005E-02,  4.28954E-02,  6.49855E-03, -2.41446E-02, -4.52897E-02, -5.72766E-02, -6.22434E-02, -6.25284E-02, -6.00076E-02, -5.59861E-02, -5.13009E-02, -4.64587E-02, -4.17500E-02, -3.73300E-02, -3.32712E-02, -2.95967E-02, -2.63015E-02, -2.33647E-02, -2.07580E-02, -1.84501E-02, -1.64097E-02, -1.46067E-02, -1.30135E-02, -1.16049E-02, -1.03585E-02, -9.25455E-03, -8.27546E-03, -7.40600E-03, -6.63286E-03, -5.94440E-03, -5.33053E-03, -4.78243E-03, -4.29245E-03, -3.85388E-03, -3.46088E-03, -3.10833E-03, -2.79176E-03, -2.50722E-03, -2.25124E-03, -2.02077E-03, -1.81310E-03, -1.62583E-03, -1.45686E-03, -1.30429E-03,
 -3.89383E-03, -4.10477E-03, -4.33023E-03, -4.57128E-03, -4.82907E-03, -5.10481E-03, -5.39980E-03, -5.71540E-03, -6.05305E-03, -6.41427E-03, -6.80062E-03, -7.21371E-03, -7.65521E-03, -8.12678E-03, -8.63005E-03, -9.16656E-03, -9.73773E-03, -1.03447E-02, -1.09883E-02, -1.16686E-02, -1.23850E-02, -1.31357E-02, -1.39171E-02, -1.47234E-02, -1.55450E-02, -1.63682E-02, -1.71723E-02, -1.79276E-02, -1.85914E-02, -1.91034E-02, -1.93777E-02, -1.92943E-02, -1.86845E-02, -1.73138E-02, -1.48560E-02, -1.08582E-02, -4.68760E-03,  4.54802E-03,  1.80898E-02,  3.75157E-02,  6.42763E-02,  9.81736E-02,  1.34392E-01,  1.60506E-01,  1.59271E-01,  1.22542E-01,  6.27747E-02,  2.76647E-03, -4.21652E-02, -6.87753E-02, -8.06793E-02, -8.29850E-02, -7.98414E-02, -7.39943E-02, -6.70773E-02, -5.99971E-02, -5.32249E-02, -4.69830E-02, -4.13544E-02, -3.63474E-02, -3.19311E-02, -2.80567E-02, -2.46685E-02, -2.17104E-02, -1.91295E-02, -1.68771E-02, -1.49100E-02, -1.31900E-02, -1.16839E-02, -1.03628E-02, -9.20182E-03, -8.17976E-03, -7.27827E-03, -6.48164E-03, -5.77642E-03, -5.15105E-03, -4.59557E-03, -4.10144E-03, -3.66123E-03, -3.26856E-03, -2.91786E-03, -2.60429E-03, -2.32363E-03, -2.07218E-03, -1.84671E-03, -1.64438E-03, -1.46266E-03, -1.29936E-03, -1.15251E-03,
 -3.90471E-03, -4.12405E-03, -4.35936E-03, -4.61195E-03, -4.88324E-03, -5.17475E-03, -5.48815E-03, -5.82522E-03, -6.18790E-03, -6.57830E-03, -6.99866E-03, -7.45144E-03, -7.93923E-03, -8.46486E-03, -9.03131E-03, -9.64174E-03, -1.02995E-02, -1.10079E-02, -1.17706E-02, -1.25909E-02, -1.34719E-02, -1.44163E-02, -1.54256E-02, -1.64997E-02, -1.76360E-02, -1.88274E-02, -2.00607E-02, -2.13124E-02, -2.25444E-02, -2.36959E-02, -2.46730E-02, -2.53323E-02, -2.54587E-02, -2.47331E-02, -2.26884E-02, -1.86484E-02, -1.16448E-02, -3.10824E-04,  1.72298E-02,  4.33847E-02,  8.07222E-02,  1.30413E-01,  1.87806E-01,  2.34249E-01,  2.35475E-01,  1.71260E-01,  6.94193E-02, -2.26899E-02, -8.15071E-02, -1.08823E-01, -1.15436E-01, -1.11002E-01, -1.01646E-01, -9.06830E-02, -7.97476E-02, -6.95729E-02, -6.04366E-02, -5.23933E-02, -4.53931E-02, -3.93417E-02, -3.41302E-02, -2.96503E-02, -2.58014E-02, -2.24930E-02, -1.96462E-02, -1.71925E-02, -1.50734E-02, -1.32391E-02, -1.16475E-02, -1.02631E-02, -9.05590E-03, -8.00055E-03, -7.07574E-03, -6.26345E-03, -5.54845E-03, -4.91778E-03, -4.36044E-03, -3.86705E-03, -3.42957E-03, -3.04110E-03, -2.69569E-03, -2.38820E-03, -2.11417E-03, -1.86972E-03, -1.65146E-03, -1.45644E-03, -1.28206E-03, -1.12603E-03, -9.86337E-04,
 -3.89989E-03, -4.12635E-03, -4.37015E-03, -4.63281E-03, -4.91600E-03, -5.22156E-03, -5.55151E-03, -5.90806E-03, -6.29363E-03, -6.71092E-03, -7.16287E-03, -7.65274E-03, -8.18413E-03, -8.76101E-03, -9.38779E-03, -1.00693E-02, -1.08109E-02, -1.16184E-02, -1.24984E-02, -1.34577E-02, -1.45038E-02, -1.56444E-02, -1.68873E-02, -1.82398E-02, -1.97078E-02, -2.12944E-02, -2.29974E-02, -2.48055E-02, -2.66926E-02, -2.86085E-02, -3.04647E-02, -3.21135E-02, -3.33176E-02, -3.37053E-02, -3.27110E-02, -2.94945E-02, -2.28410E-02, -1.10393E-02,  8.25686E-03,  3.81545E-02,  8.24512E-02,  1.44502E-01,  2.21981E-01,  2.91688E-01,  2.95113E-01,  1.89831E-01,  3.17706E-02, -9.24402E-02, -1.54599E-01, -1.70629E-01, -1.63010E-01, -1.46255E-01, -1.27444E-01, -1.09519E-01, -9.35086E-02, -7.96293E-02, -6.77760E-02, -5.77306E-02, -4.92495E-02, -4.20999E-02, -3.60729E-02, -3.09875E-02, -2.66891E-02, -2.30478E-02, -1.99550E-02, -1.73204E-02, -1.50691E-02, -1.31390E-02, -1.14789E-02, -1.00464E-02, -8.80638E-03, -7.72964E-03, -6.79198E-03, -5.97320E-03, -5.25643E-03, -4.62750E-03, -4.07446E-03, -3.58724E-03, -3.15725E-03, -2.77718E-03, -2.44078E-03, -2.14266E-03, -1.87819E-03, -1.64334E-03, -1.43462E-03, -1.24899E-03, -1.08380E-03, -9.36705E-04, -8.05671E-04,
 -3.87816E-03, -4.11032E-03, -4.36104E-03, -4.63206E-03, -4.92530E-03, -5.24288E-03, -5.58717E-03, -5.96078E-03, -6.36663E-03, -6.80795E-03, -7.28839E-03, -7.81201E-03, -8.38338E-03, -9.00766E-03, -9.69064E-03, -1.04389E-02, -1.12599E-02, -1.21621E-02, -1.31551E-02, -1.42496E-02, -1.54580E-02, -1.67938E-02, -1.82721E-02, -1.99093E-02, -2.17221E-02, -2.37272E-02, -2.59385E-02, -2.83642E-02, -3.10007E-02, -3.38229E-02, -3.67688E-02, -3.97152E-02, -4.24414E-02, -4.45754E-02, -4.55203E-02, -4.43595E-02, -3.97481E-02, -2.98018E-02, -1.19980E-02,  1.69098E-02,  6.08662E-02,  1.23603E-01,  2.03311E-01,  2.73909E-01,  2.61051E-01,  1.08889E-01, -9.50718E-02, -2.27776E-01, -2.67266E-01, -2.53250E-01, -2.20834E-01, -1.86425E-01, -1.55522E-01, -1.29300E-01, -1.07518E-01, -8.95667E-02, -7.48076E-02, -6.26727E-02, -5.26823E-02, -4.44398E-02, -3.76213E-02, -3.19632E-02, -2.72517E-02, -2.33138E-02, -2.00094E-02, -1.72254E-02, -1.48701E-02, -1.28692E-02, -1.11623E-02, -9.70061E-03, -8.44403E-03, -7.35993E-03, -6.42149E-03, -5.60664E-03, -4.89708E-03, -4.27765E-03, -3.73565E-03, -3.26044E-03, -2.84305E-03, -2.47586E-03, -2.15240E-03, -1.86712E-03, -1.61527E-03, -1.39274E-03, -1.19598E-03, -1.02189E-03, -8.67803E-04, -7.31364E-04, -6.10521E-04,
 -3.83844E-03, -4.07470E-03, -4.33058E-03, -4.60803E-03, -4.90920E-03, -5.23649E-03, -5.59257E-03, -5.98043E-03, -6.40345E-03, -6.86542E-03, -7.37060E-03, -7.92385E-03, -8.53069E-03, -9.19740E-03, -9.93120E-03, -1.07404E-02, -1.16345E-02, -1.26247E-02, -1.37237E-02, -1.49466E-02, -1.63108E-02, -1.78363E-02, -1.95467E-02, -2.14687E-02, -2.36326E-02, -2.60721E-02, -2.88229E-02, -3.19207E-02, -3.53965E-02, -3.92680E-02, -4.35252E-02, -4.81055E-02, -5.28551E-02, -5.74681E-02, -6.14013E-02, -6.37630E-02, -6.31959E-02, -5.77988E-02, -4.51602E-02, -2.25805E-02,  1.23855E-02,  6.03565E-02,  1.14520E-01,  1.44912E-01,  8.52117E-02, -1.00421E-01, -3.10388E-01, -4.12059E-01, -4.01028E-01, -3.43161E-01, -2.80635E-01, -2.26734E-01, -1.83095E-01, -1.48332E-01, -1.20689E-01, -9.86511E-02, -8.10174E-02, -6.68508E-02, -5.54222E-02, -4.61632E-02, -3.86284E-02, -3.24683E-02, -2.74081E-02, -2.32307E-02, -1.97647E-02, -1.68743E-02, -1.44518E-02, -1.24112E-02, -1.06841E-02, -9.21550E-03, -7.96127E-03, -6.88577E-03, -5.96007E-03, -5.16060E-03, -4.46803E-03, -3.86646E-03, -3.34267E-03, -2.88568E-03, -2.48626E-03, -2.13663E-03, -1.83019E-03, -1.56135E-03, -1.32528E-03, -1.11786E-03, -9.35521E-04, -7.75179E-04, -6.34154E-04, -5.10114E-04, -4.01022E-04,
 -3.77974E-03, -4.01833E-03, -4.27744E-03, -4.55920E-03, -4.86594E-03, -5.20032E-03, -5.56531E-03, -5.96424E-03, -6.40090E-03, -6.87957E-03, -7.40513E-03, -7.98316E-03, -8.62005E-03, -9.32319E-03, -1.01011E-02, -1.09638E-02, -1.19229E-02, -1.29921E-02, -1.41875E-02, -1.55284E-02, -1.70375E-02, -1.87421E-02, -2.06747E-02, -2.28737E-02, -2.53853E-02, -2.82633E-02, -3.15707E-02, -3.53787E-02, -3.97651E-02, -4.48089E-02, -5.05793E-02, -5.71146E-02, -6.43839E-02, -7.22241E-02, -8.02414E-02, -8.76762E-02, -9.32570E-02, -9.51316E-02, -9.10577E-02, -7.90870E-02, -5.89406E-02, -3.44305E-02, -1.82494E-02, -3.98710E-02, -1.42581E-01, -3.31921E-01, -5.11841E-01, -5.67030E-01, -5.09787E-01, -4.17283E-01, -3.31367E-01, -2.61702E-01, -2.07213E-01, -1.64871E-01, -1.31903E-01, -1.06126E-01, -8.58736E-02, -6.98834E-02, -5.71934E-02, -4.70694E-02, -3.89482E-02, -3.23969E-02, -2.70813E-02, -2.27428E-02, -1.91805E-02, -1.62381E-02, -1.37933E-02, -1.17503E-02, -1.00336E-02, -8.58359E-03, -7.35279E-03, -6.30341E-03, -5.40507E-03, -4.63324E-03, -3.96801E-03, -3.39305E-03, -2.89496E-03, -2.46259E-03, -2.08667E-03, -1.75939E-03, -1.47417E-03, -1.22541E-03, -1.00834E-03, -8.18864E-04, -6.53459E-04, -5.09080E-04, -3.83093E-04, -2.73208E-04, -1.77434E-04,
 -3.70117E-03, -3.94020E-03, -4.20045E-03, -4.48418E-03, -4.79393E-03, -5.13254E-03, -5.50325E-03, -5.90970E-03, -6.35605E-03, -6.84701E-03, -7.38800E-03, -7.98525E-03, -8.64597E-03, -9.37851E-03, -1.01927E-02, -1.10999E-02, -1.21139E-02, -1.32509E-02, -1.45301E-02, -1.59749E-02, -1.76136E-02, -1.94806E-02, -2.16178E-02, -2.40765E-02, -2.69197E-02, -3.02245E-02, -3.40848E-02, -3.86143E-02, -4.39484E-02, -5.02444E-02, -5.76766E-02, -6.64227E-02, -7.66320E-02, -8.83633E-02, -1.01475E-01, -1.15450E-01, -1.29183E-01, -1.40831E-01, -1.48058E-01, -1.49120E-01, -1.45023E-01, -1.42299E-01, -1.55526E-01, -2.07601E-01, -3.19477E-01, -4.77979E-01, -6.08480E-01, -6.32892E-01, -5.63671E-01, -4.62565E-01, -3.67151E-01, -2.88280E-01, -2.26014E-01, -1.77644E-01, -1.40243E-01, -1.11317E-01, -8.88822E-02, -7.14105E-02, -5.77352E-02, -4.69711E-02, -3.84471E-02, -3.16541E-02, -2.62047E-02, -2.18036E-02, -1.82248E-02, -1.52948E-02, -1.28798E-02, -1.08765E-02, -9.20445E-03, -7.80072E-03, -6.61600E-03, -5.61132E-03, -4.75567E-03, -4.02422E-03, -3.39695E-03, -2.85757E-03, -2.39276E-03, -1.99151E-03, -1.64466E-03, -1.34455E-03, -1.08474E-03, -8.59732E-04, -6.64877E-04, -4.96179E-04, -3.50209E-04, -2.24011E-04, -1.15029E-04, -2.10484E-05,  5.98531E-05,
 -3.60201E-03, -3.83946E-03, -4.09860E-03, -4.38182E-03, -4.69179E-03, -5.03154E-03, -5.40453E-03, -5.81464E-03, -6.26634E-03, -6.76473E-03, -7.31568E-03, -7.92598E-03, -8.60351E-03, -9.35752E-03, -1.01989E-02, -1.11404E-02, -1.21975E-02, -1.33886E-02, -1.47361E-02, -1.62671E-02, -1.80152E-02, -2.00216E-02, -2.23377E-02, -2.50276E-02, -2.81718E-02, -3.18716E-02, -3.62546E-02, -4.14811E-02, -4.77520E-02, -5.53151E-02, -6.44708E-02, -7.55690E-02, -8.89900E-02, -1.05090E-01, -1.24080E-01, -1.45808E-01, -1.69415E-01, -1.92999E-01, -2.13686E-01, -2.28927E-01, -2.39386E-01, -2.52051E-01, -2.80725E-01, -3.41522E-01, -4.41295E-01, -5.60062E-01, -6.46132E-01, -6.53594E-01, -5.88402E-01, -4.90553E-01, -3.92238E-01, -3.07490E-01, -2.39262E-01, -1.86032E-01, -1.45064E-01, -1.13676E-01, -8.96172E-02, -7.11162E-02, -5.68200E-02, -4.57080E-02, -3.70142E-02, -3.01645E-02, -2.47279E-02, -2.03802E-02, -1.68765E-02, -1.40315E-02, -1.17040E-02, -9.78607E-03, -8.19497E-03, -6.86669E-03, -5.75152E-03, -4.81055E-03, -4.01311E-03, -3.33481E-03, -2.75611E-03, -2.26120E-03, -1.83719E-03, -1.47345E-03, -1.16117E-03, -8.92994E-04, -6.62713E-04, -4.65075E-04, -2.95605E-04, -1.50479E-04, -2.64126E-05,  7.94209E-05,  1.69461E-04,  2.45817E-04,  3.10316E-04,
 -3.48167E-03, -3.71541E-03, -3.97108E-03, -4.25113E-03, -4.55838E-03, -4.89599E-03, -5.26757E-03, -5.67721E-03, -6.12963E-03, -6.63021E-03, -7.18519E-03, -7.80181E-03, -8.48851E-03, -9.25521E-03, -1.01137E-02, -1.10779E-02, -1.21647E-02, -1.33944E-02, -1.47920E-02, -1.63880E-02, -1.82205E-02, -2.03371E-02, -2.27978E-02, -2.56787E-02, -2.90772E-02, -3.31184E-02, -3.79632E-02, -4.38200E-02, -5.09573E-02, -5.97203E-02, -7.05475E-02, -8.39836E-02, -1.00679E-01, -1.21351E-01, -1.46664E-01, -1.76961E-01, -2.11770E-01, -2.49140E-01, -2.85314E-01, -3.15934E-01, -3.39729E-01, -3.62772E-01, -3.98623E-01, -4.61599E-01, -5.54371E-01, -6.55189E-01, -7.19540E-01, -7.11041E-01, -6.34660E-01, -5.25738E-01, -4.16456E-01, -3.22509E-01, -2.47517E-01, -1.89725E-01, -1.45866E-01, -1.12745E-01, -8.77190E-02, -6.87395E-02, -5.42672E-02, -4.31593E-02, -3.45713E-02, -2.78795E-02, -2.26224E-02, -1.84574E-02, -1.51292E-02, -1.24470E-02, -1.02674E-02, -8.48226E-03, -7.00928E-03, -5.78577E-03, -4.76344E-03, -3.90486E-03, -3.18075E-03, -2.56797E-03, -2.04808E-03, -1.60619E-03, -1.23020E-03, -9.10129E-04, -6.37722E-04, -4.06057E-04, -2.09309E-04, -4.25357E-05,  9.84713E-05,  2.17312E-04,  3.17076E-04,  4.00420E-04,  4.69633E-04,  5.26692E-04,  5.73302E-04,
 -3.33973E-03, -3.56754E-03, -3.81725E-03, -4.09139E-03, -4.39283E-03, -4.72485E-03, -5.09114E-03, -5.49597E-03, -5.94419E-03, -6.44142E-03, -6.99414E-03, -7.60992E-03, -8.29759E-03, -9.06760E-03, -9.93231E-03, -1.09066E-02, -1.20083E-02, -1.32593E-02, -1.46865E-02, -1.63231E-02, -1.82109E-02, -2.04026E-02, -2.29656E-02, -2.59862E-02, -2.95766E-02, -3.38829E-02, -3.90969E-02, -4.54714E-02, -5.33402E-02, -6.31438E-02, -7.54602E-02, -9.10381E-02, -1.10822E-01, -1.35944E-01, -1.67627E-01, -2.06896E-01, -2.53940E-01, -3.07062E-01, -3.61641E-01, -4.10713E-01, -4.49206E-01, -4.80756E-01, -5.20821E-01, -5.90373E-01, -7.00168E-01, -8.28566E-01, -9.08408E-01, -8.74258E-01, -7.44111E-01, -5.86690E-01, -4.46108E-01, -3.34659E-01, -2.50481E-01, -1.88077E-01, -1.42056E-01, -1.08079E-01, -8.28825E-02, -6.40830E-02, -4.99556E-02, -3.92556E-02, -3.10830E-02, -2.47854E-02, -1.98875E-02, -1.60418E-02, -1.29932E-02, -1.05532E-02, -8.58229E-03, -6.97643E-03, -5.65761E-03, -4.56691E-03, -3.65947E-03, -2.90080E-03, -2.26412E-03, -1.72835E-03, -1.27676E-03, -8.95828E-04, -5.74574E-04, -3.03932E-04, -7.63619E-05,  1.14464E-04,  2.73893E-04,  4.06470E-04,  5.16076E-04,  6.06032E-04,  6.79192E-04,  7.38005E-04,  7.84580E-04,  8.20734E-04,  8.48028E-04,
 -3.17594E-03, -3.39553E-03, -3.63673E-03, -3.90210E-03, -4.19454E-03, -4.51738E-03, -4.87438E-03, -5.26986E-03, -5.70879E-03, -6.19689E-03, -6.74080E-03, -7.34826E-03, -8.02833E-03, -8.79175E-03, -9.65127E-03, -1.06222E-02, -1.17232E-02, -1.29769E-02, -1.44114E-02, -1.60618E-02, -1.79724E-02, -2.01994E-02, -2.28154E-02, -2.59145E-02, -2.96200E-02, -3.40947E-02, -3.95552E-02, -4.62913E-02, -5.46927E-02, -6.52842E-02, -7.87727E-02, -9.61040E-02, -1.18524E-01, -1.47627E-01, -1.85326E-01, -2.33638E-01, -2.94042E-01, -3.66095E-01, -4.45298E-01, -5.21465E-01, -5.81503E-01, -6.20934E-01, -6.58452E-01, -7.35622E-01, -8.96255E-01, -1.14276E+00, -1.33395E+00, -1.23633E+00, -9.44677E-01, -6.73466E-01, -4.76385E-01, -3.40071E-01, -2.45721E-01, -1.79663E-01, -1.32827E-01, -9.92298E-02, -7.48704E-02, -5.70313E-02, -4.38403E-02, -3.39917E-02, -2.65657E-02, -2.09090E-02, -1.65541E-02, -1.31647E-02, -1.04977E-02, -8.37636E-03, -6.67147E-03, -5.28822E-03, -4.15645E-03, -3.22381E-03, -2.45089E-03, -1.80761E-03, -1.27076E-03, -8.22123E-04, -4.47204E-04, -1.34297E-04,  1.26184E-04,  3.42190E-04,  5.20380E-04,  6.66379E-04,  7.84970E-04,  8.80237E-04,  9.55679E-04,  1.01430E-03,  1.05867E-03,  1.09102E-03,  1.11324E-03,  1.12696E-03,  1.13359E-03,
 -2.99022E-03, -3.19925E-03, -3.42933E-03, -3.68301E-03, -3.96319E-03, -4.27318E-03, -4.61676E-03, -4.99826E-03, -5.42267E-03, -5.89572E-03, -6.42409E-03, -7.01556E-03, -7.67924E-03, -8.42592E-03, -9.26846E-03, -1.02223E-02, -1.13062E-02, -1.25432E-02, -1.39618E-02, -1.55977E-02, -1.74962E-02, -1.97155E-02, -2.23305E-02, -2.54395E-02, -2.91725E-02, -3.37025E-02, -3.92620E-02, -4.61662E-02, -5.48449E-02, -6.58872E-02, -8.01039E-02, -9.86117E-02, -1.22943E-01, -1.55179E-01, -1.98077E-01, -2.55119E-01, -3.30247E-01, -4.26750E-01, -5.44007E-01, -6.70139E-01, -7.73741E-01, -8.19693E-01, -8.25159E-01, -8.78948E-01, -1.10137E+00, -1.62361E+00, -2.27411E+00, -1.94021E+00, -1.20668E+00, -7.48956E-01, -4.87015E-01, -3.29175E-01, -2.28874E-01, -1.62518E-01, -1.17316E-01, -8.58494E-02, -6.35750E-02, -4.75889E-02, -3.59755E-02, -2.74410E-02, -2.10964E-02, -1.63235E-02, -1.26882E-02, -9.88369E-03, -7.69204E-03, -5.95768E-03, -4.56899E-03, -3.44539E-03, -2.52828E-03, -1.77457E-03, -1.15220E-03, -6.36899E-04, -2.09979E-04,  1.43240E-04,  4.34516E-04,  6.73443E-04,  8.67975E-04,  1.02480E-03,  1.14957E-03,  1.24716E-03,  1.32171E-03,  1.37680E-03,  1.41552E-03,  1.44052E-03,  1.45408E-03,  1.45815E-03,  1.45440E-03,  1.44427E-03,  1.42896E-03,
 -2.78267E-03, -2.97878E-03, -3.19510E-03, -3.43413E-03, -3.69873E-03, -3.99216E-03, -4.31815E-03, -4.68098E-03, -5.08557E-03, -5.53759E-03, -6.04363E-03, -6.61137E-03, -7.24979E-03, -7.96954E-03, -8.78325E-03, -9.70614E-03, -1.07567E-02, -1.19574E-02, -1.33365E-02, -1.49291E-02, -1.67801E-02, -1.89470E-02, -2.15046E-02, -2.45514E-02, -2.82179E-02, -3.26798E-02, -3.81746E-02, -4.50276E-02, -5.36872E-02, -6.47770E-02, -7.91720E-02, -9.81090E-02, -1.23351E-01, -1.57432E-01, -2.04028E-01, -2.68516E-01, -3.58793E-01, -4.86149E-01, -6.64142E-01, -8.95023E-01, -1.11778E+00, -1.17611E+00, -1.05240E+00, -9.72381E-01, -1.15671E+00, -1.87109E+00, -3.22637E+00, -2.47747E+00, -1.28971E+00, -7.30326E-01, -4.48734E-01, -2.91032E-01, -1.95756E-01, -1.35103E-01, -9.50498E-02, -6.78941E-02, -4.91173E-02, -3.59292E-02, -2.65398E-02, -1.97681E-02, -1.48195E-02, -1.11519E-02, -8.39249E-03, -6.28317E-03, -4.64481E-03, -3.35257E-03, -2.31915E-03, -1.48312E-03, -8.00883E-04, -2.41043E-04,  2.19432E-04,  5.97851E-04,  9.07590E-04,  1.15929E-03,  1.36163E-03,  1.52189E-03,  1.64627E-03,  1.74009E-03,  1.80799E-03,  1.85400E-03,  1.88165E-03,  1.89398E-03,  1.89364E-03,  1.88293E-03,  1.86379E-03,  1.83791E-03,  1.80671E-03,  1.77140E-03,  1.73299E-03,
 -2.55358E-03, -2.73441E-03, -2.93432E-03, -3.15573E-03, -3.40142E-03, -3.67457E-03, -3.97878E-03, -4.31823E-03, -4.69771E-03, -5.12272E-03, -5.59967E-03, -6.13600E-03, -6.74041E-03, -7.42316E-03, -8.19643E-03, -9.07481E-03, -1.00760E-02, -1.12215E-02, -1.25381E-02, -1.40595E-02, -1.58282E-02, -1.78992E-02, -2.03437E-02, -2.32560E-02, -2.67617E-02, -3.10300E-02, -3.62914E-02, -4.28634E-02, -5.11873E-02, -6.18842E-02, -7.58383E-02, -9.43273E-02, -1.19231E-01, -1.53381E-01, -2.01189E-01, -2.69837E-01, -3.71722E-01, -5.29686E-01, -7.87759E-01, -1.22274E+00, -1.83940E+00, -1.99126E+00, -1.39372E+00, -9.50268E-01, -9.08402E-01, -1.29290E+00, -1.85115E+00, -1.58852E+00, -9.61824E-01, -5.66858E-01, -3.47627E-01, -2.21543E-01, -1.45394E-01, -9.74988E-02, -6.64391E-02, -4.58376E-02, -3.19395E-02, -2.24347E-02, -1.58530E-02, -1.12359E-02, -7.94847E-03, -5.56631E-03, -3.80475E-03, -2.47281E-03, -1.44268E-03, -6.29045E-04,  2.49645E-05,  5.57368E-04,  9.93859E-04,  1.35218E-03,  1.64503E-03,  1.88196E-03,  2.07052E-03,  2.21703E-03,  2.32698E-03,  2.40526E-03,  2.45628E-03,  2.48406E-03,  2.49219E-03,  2.48393E-03,  2.46215E-03,  2.42941E-03,  2.38792E-03,  2.33958E-03,  2.28604E-03,  2.22869E-03,  2.16868E-03,  2.10700E-03,  2.04444E-03,
 -2.30343E-03, -2.46662E-03, -2.64748E-03, -2.84833E-03, -3.07181E-03, -3.32095E-03, -3.59923E-03, -3.91063E-03, -4.25974E-03, -4.65185E-03, -5.09306E-03, -5.59047E-03, -6.15234E-03, -6.78838E-03, -7.51004E-03, -8.33099E-03, -9.26767E-03, -1.03401E-02, -1.15729E-02, -1.29969E-02, -1.46511E-02, -1.65855E-02, -1.88652E-02, -2.15760E-02, -2.48321E-02, -2.87882E-02, -3.36552E-02, -3.97243E-02, -4.74028E-02, -5.72674E-02, -7.01472E-02, -8.72573E-02, -1.10423E-01, -1.42476E-01, -1.88021E-01, -2.55002E-01, -3.58278E-01, -5.28612E-01, -8.38571E-01, -1.48935E+00, -3.03995E+00, -3.74099E+00, -1.66532E+00, -6.88275E-01, -3.75797E-01, -4.51111E-01, -6.42268E-01, -6.44563E-01, -4.80110E-01, -3.16005E-01, -2.01458E-01, -1.28049E-01, -8.15814E-02, -5.19940E-02, -3.30075E-02, -2.07586E-02, -1.28360E-02, -7.70547E-03, -4.37582E-03, -2.20141E-03, -7.61460E-04,  2.16421E-04,  9.06122E-04,  1.41635E-03,  1.81313E-03,  2.13512E-03,  2.40390E-03,  2.63085E-03,  2.82165E-03,  2.97913E-03,  3.10491E-03,  3.20041E-03,  3.26726E-03,  3.30748E-03,  3.32343E-03,  3.31776E-03,  3.29323E-03,  3.25263E-03,  3.19865E-03,  3.13383E-03,  3.06045E-03,  2.98060E-03,  2.89607E-03,  2.80841E-03,  2.71893E-03,  2.62874E-03,  2.53872E-03,  2.44960E-03,  2.36195E-03,
 -2.03289E-03, -2.17612E-03, -2.33534E-03, -2.51270E-03, -2.71069E-03, -2.93217E-03, -3.18040E-03, -3.45916E-03, -3.77276E-03, -4.12619E-03, -4.52519E-03, -4.97641E-03, -5.48757E-03, -6.06766E-03, -6.72723E-03, -7.47876E-03, -8.33712E-03, -9.32025E-03, -1.04501E-02, -1.17537E-02, -1.32651E-02, -1.50277E-02, -1.70977E-02, -1.95488E-02, -2.24788E-02, -2.60200E-02, -3.03522E-02, -3.57242E-02, -4.24834E-02, -5.11222E-02, -6.23503E-02, -7.72108E-02, -9.72787E-02, -1.25016E-01, -1.64452E-01, -2.22580E-01, -3.12465E-01, -4.60788E-01, -7.28049E-01, -1.26445E+00, -2.33706E+00, -2.61045E+00, -1.04975E+00,  2.03560E-03,  4.66873E-01,  4.38263E-01,  1.95945E-01,  1.08028E-02, -5.75195E-02, -6.01659E-02, -4.29914E-02, -2.51177E-02, -1.15868E-02, -2.60916E-03,  2.81452E-03,  5.76209E-03,  7.10456E-03,  7.47661E-03,  7.31388E-03,  6.90045E-03,  6.41092E-03,  5.94395E-03,  5.54758E-03,  5.23780E-03,  5.01168E-03,  4.85639E-03,  4.75511E-03,  4.69072E-03,  4.64791E-03,  4.61414E-03,  4.57997E-03,  4.53888E-03,  4.48692E-03,  4.42217E-03,  4.34425E-03,  4.25389E-03,  4.15248E-03,  4.04182E-03,  3.92387E-03,  3.80055E-03,  3.67369E-03,  3.54493E-03,  3.41569E-03,  3.28720E-03,  3.16043E-03,  3.03619E-03,  2.91510E-03,  2.79762E-03,  2.68408E-03,
 -1.74278E-03, -1.86380E-03, -1.99882E-03, -2.14984E-03, -2.31914E-03, -2.50936E-03, -2.72353E-03, -2.96514E-03, -3.23820E-03, -3.54735E-03, -3.89789E-03, -4.29596E-03, -4.74865E-03, -5.26413E-03, -5.85193E-03, -6.52316E-03, -7.29089E-03, -8.17067E-03, -9.18118E-03, -1.03452E-02, -1.16908E-02, -1.32535E-02, -1.50786E-02, -1.72247E-02, -1.97695E-02, -2.28167E-02, -2.65069E-02, -3.10327E-02, -3.66621E-02, -4.37718E-02, -5.29000E-02, -6.48293E-02, -8.07233E-02, -1.02362E-01, -1.32559E-01, -1.75940E-01, -2.40385E-01, -3.39563E-01, -4.95741E-01, -7.29716E-01, -9.57466E-01, -7.56527E-01,  7.59149E-02,  1.12158E+00,  1.79057E+00,  1.50516E+00,  9.10180E-01,  4.96992E-01,  2.70662E-01,  1.57161E-01,  1.01437E-01,  7.28917E-02,  5.66714E-02,  4.60755E-02,  3.82166E-02,  3.18960E-02,  2.66306E-02,  2.22203E-02,  1.85638E-02,  1.55841E-02,  1.32042E-02,  1.13420E-02,  9.91364E-03,  8.83758E-03,  8.03864E-03,  7.45050E-03,  7.01697E-03,  6.69221E-03,  6.44021E-03,  6.23376E-03,  6.05313E-03,  5.88479E-03,  5.72002E-03,  5.55375E-03,  5.38353E-03,  5.20871E-03,  5.02977E-03,  4.84784E-03,  4.66439E-03,  4.48094E-03,  4.29894E-03,  4.11969E-03,  3.94428E-03,  3.77362E-03,  3.60837E-03,  3.44905E-03,  3.29598E-03,  3.14937E-03,  3.00928E-03,
 -1.43414E-03, -1.53074E-03, -1.63910E-03, -1.76100E-03, -1.89848E-03, -2.05394E-03, -2.23012E-03, -2.43019E-03, -2.65783E-03, -2.91726E-03, -3.21332E-03, -3.55160E-03, -3.93849E-03, -4.38133E-03, -4.88853E-03, -5.46978E-03, -6.13627E-03, -6.90097E-03, -7.77913E-03, -8.78882E-03, -9.95181E-03, -1.12948E-02, -1.28509E-02, -1.46626E-02, -1.67845E-02, -1.92885E-02, -2.22705E-02, -2.58599E-02, -3.02335E-02, -3.56347E-02, -4.24023E-02, -5.10120E-02, -6.21374E-02, -7.67391E-02, -9.61816E-02, -1.22349E-01, -1.57570E-01, -2.03574E-01, -2.56639E-01, -2.90639E-01, -2.18252E-01,  1.25810E-01,  8.97673E-01,  2.20815E+00,  3.36034E+00,  2.49934E+00,  1.41953E+00,  8.17335E-01,  4.95406E-01,  3.18221E-01,  2.16941E-01,  1.55993E-01,  1.16884E-01,  9.00575E-02,  7.05786E-02,  5.58593E-02,  4.44825E-02,  3.56114E-02,  2.86985E-02,  2.33462E-02,  1.92424E-02,  1.61306E-02,  1.37972E-02,  1.20638E-02,  1.07838E-02,  9.83838E-03,  9.13337E-03,  8.59589E-03,  8.17105E-03,  7.81878E-03,  7.51089E-03,  7.22839E-03,  6.95926E-03,  6.69648E-03,  6.43649E-03,  6.17805E-03,  5.92131E-03,  5.66717E-03,  5.41691E-03,  5.17186E-03,  4.93323E-03,  4.70207E-03,  4.47921E-03,  4.26522E-03,  4.06049E-03,  3.86522E-03,  3.67944E-03,  3.50307E-03,  3.33593E-03,
 -1.10817E-03, -1.17824E-03, -1.25756E-03, -1.34764E-03, -1.45029E-03, -1.56758E-03, -1.70195E-03, -1.85622E-03, -2.03369E-03, -2.23813E-03, -2.47391E-03, -2.74603E-03, -3.06020E-03, -3.42291E-03, -3.84151E-03, -4.32428E-03, -4.88056E-03, -5.52083E-03, -6.25692E-03, -7.10224E-03, -8.07215E-03, -9.18445E-03, -1.04602E-02, -1.19248E-02, -1.36096E-02, -1.55539E-02, -1.78078E-02, -2.04360E-02, -2.35228E-02, -2.71766E-02, -3.15367E-02, -3.67758E-02, -4.30953E-02, -5.06948E-02, -5.96713E-02, -6.97329E-02, -7.94312E-02, -8.42021E-02, -7.17562E-02, -1.30449E-02,  1.49081E-01,  5.02100E-01,  1.15611E+00,  2.19630E+00,  3.02098E+00,  2.39475E+00,  1.49433E+00,  9.35187E-01,  6.11829E-01,  4.18737E-01,  2.98248E-01,  2.19426E-01,  1.65331E-01,  1.26569E-01,  9.78575E-02,  7.61310E-02,  5.95174E-02,  4.67866E-02,  3.70661E-02,  2.96971E-02,  2.41609E-02,  2.00415E-02,  1.70034E-02,  1.47772E-02,  1.31493E-02,  1.19526E-02,  1.10587E-02,  1.03715E-02,  9.82059E-03,  9.35628E-03,  8.94464E-03,  8.56372E-03,  8.20015E-03,  7.84661E-03,  7.49973E-03,  7.15863E-03,  6.82384E-03,  6.49657E-03,  6.17822E-03,  5.87016E-03,  5.57352E-03,  5.28918E-03,  5.01770E-03,  4.75941E-03,  4.51436E-03,  4.28246E-03,  4.06342E-03,  3.85686E-03,  3.66231E-03,
 -7.66223E-04, -8.07771E-04, -8.55770E-04, -9.11470E-04, -9.76356E-04, -1.05219E-03, -1.14104E-03, -1.24537E-03, -1.36803E-03, -1.51235E-03, -1.68221E-03, -1.88203E-03, -2.11687E-03, -2.39242E-03, -2.71506E-03, -3.09183E-03, -3.53039E-03, -4.03898E-03, -4.62636E-03, -5.30165E-03, -6.07426E-03, -6.95375E-03, -7.94970E-03, -9.07157E-03, -1.03285E-02, -1.17292E-02, -1.32808E-02, -1.49880E-02, -1.68499E-02, -1.88536E-02, -2.09626E-02, -2.30925E-02, -2.50627E-02, -2.64996E-02, -2.66397E-02, -2.39306E-02, -1.52320E-02,  5.70599E-03,  5.08294E-02,  1.41192E-01,  3.09109E-01,  5.94712E-01,  1.02887E+00,  1.56140E+00,  1.88616E+00,  1.69078E+00,  1.26031E+00,  8.95031E-01,  6.40115E-01,  4.67226E-01,  3.47889E-01,  2.63015E-01,  2.00828E-01,  1.54188E-01,  1.18700E-01,  9.15389E-02,  7.07697E-02,  5.49775E-02,  4.30721E-02,  3.41876E-02,  2.76283E-02,  2.28354E-02,  1.93638E-02,  1.68623E-02,  1.50584E-02,  1.37438E-02,  1.27628E-02,  1.20015E-02,  1.13793E-02,  1.08414E-02,  1.03519E-02,  9.88930E-03,  9.44137E-03,  9.00257E-03,  8.57124E-03,  8.14801E-03,  7.73458E-03,  7.33297E-03,  6.94512E-03,  6.57261E-03,  6.21663E-03,  5.87793E-03,  5.55686E-03,  5.25345E-03,  4.96745E-03,  4.69843E-03,  4.44576E-03,  4.20876E-03,  3.98664E-03,
 -4.09860E-04, -4.20999E-04, -4.35532E-04, -4.54392E-04, -4.78724E-04, -5.09921E-04, -5.49669E-04, -5.99994E-04, -6.63313E-04, -7.42487E-04, -8.40871E-04, -9.62353E-04, -1.11138E-03, -1.29298E-03, -1.51271E-03, -1.77658E-03, -2.09095E-03, -2.46226E-03, -2.89676E-03, -3.40005E-03, -3.97657E-03, -4.62882E-03, -5.35648E-03, -6.15519E-03, -7.01490E-03, -7.91758E-03, -8.83378E-03, -9.71728E-03, -1.04967E-02, -1.10615E-02, -1.12393E-02, -1.07570E-02, -9.17468E-03, -5.77081E-03,  6.55895E-04,  1.21260E-02,  3.20359E-02,  6.59895E-02,  1.22802E-01,  2.15107E-01,  3.58115E-01,  5.63863E-01,  8.26006E-01,  1.08955E+00,  1.23621E+00,  1.18461E+00,  1.00126E+00,  7.95937E-01,  6.20001E-01,  4.81196E-01,  3.73526E-01,  2.89687E-01,  2.24016E-01,  1.72514E-01,  1.32309E-01,  1.01210E-01,  7.74419E-02,  5.95206E-02,  4.61968E-02,  3.64293E-02,  2.93653E-02,  2.43193E-02,  2.07503E-02,  1.82384E-02,  1.64639E-02,  1.51877E-02,  1.42357E-02,  1.34844E-02,  1.28501E-02,  1.22785E-02,  1.17372E-02,  1.12085E-02,  1.06849E-02,  1.01648E-02,  9.65023E-03,  9.14438E-03,  8.65097E-03,  8.17336E-03,  7.71430E-03,  7.27581E-03,  6.85916E-03,  6.46503E-03,  6.09354E-03,  5.74442E-03,  5.41705E-03,  5.11064E-03,  4.82422E-03,  4.55672E-03,  4.30705E-03,
 -4.07902E-05, -1.97789E-05,  1.16414E-06,  2.14568E-05,  4.03366E-05,  5.68214E-05,  6.96634E-05,  7.72987E-05,  7.77928E-05,  6.87839E-05,  4.74294E-05,  1.03612E-05, -4.63406E-05, -1.27143E-04, -2.37006E-04, -3.81259E-04, -5.65380E-04, -7.94651E-04, -1.07365E-03, -1.40555E-03, -1.79117E-03, -2.22777E-03, -2.70743E-03, -3.21500E-03, -3.72536E-03, -4.19965E-03, -4.57995E-03, -4.78152E-03, -4.68114E-03, -4.09940E-03, -2.77341E-03, -3.14400E-04,  3.85801E-03,  1.06175E-02,  2.12852E-02,  3.78537E-02,  6.32825E-02,  1.01813E-01,  1.59112E-01,  2.41779E-01,  3.55438E-01,  5.00285E-01,  6.63471E-01,  8.11568E-01,  8.97360E-01,  8.93030E-01,  8.15261E-01,  7.03188E-01,  5.86462E-01,  4.78680E-01,  3.84117E-01,  3.03468E-01,  2.36273E-01,  1.81588E-01,  1.38140E-01,  1.04426E-01,  7.88468E-02,  5.98451E-02,  4.60058E-02,  3.61128E-02,  2.91648E-02,  2.43638E-02,  2.10898E-02,  1.88712E-02,  1.73566E-02,  1.62903E-02,  1.54913E-02,  1.48372E-02,  1.42495E-02,  1.36821E-02,  1.31115E-02,  1.25290E-02,  1.19353E-02,  1.13354E-02,  1.07367E-02,  1.01462E-02,  9.57036E-03,  9.01443E-03,  8.48213E-03,  7.97598E-03,  7.49740E-03,  7.04692E-03,  6.62440E-03,  6.22919E-03,  5.86030E-03,  5.51649E-03,  5.19641E-03,  4.89861E-03,  4.62165E-03,
  3.39103E-04,  3.93848E-04,  4.52112E-04,  5.13710E-04,  5.78307E-04,  6.45384E-04,  7.14185E-04,  7.83662E-04,  8.52415E-04,  9.18621E-04,  9.79969E-04,  1.03360E-03,  1.07606E-03,  1.10329E-03,  1.11070E-03,  1.09327E-03,  1.04584E-03,  9.63523E-04,  8.42362E-04,  6.80262E-04,  4.78235E-04,  2.42045E-04, -1.56693E-05, -2.72696E-04, -4.93752E-04, -6.25862E-04, -5.92067E-04, -2.82579E-04,  4.57920E-04,  1.84875E-03,  4.20014E-03,  7.95226E-03,  1.37308E-02,  2.24242E-02,  3.52851E-02,  5.40511E-02,  8.10581E-02,  1.19272E-01,  1.72087E-01,  2.42625E-01,  3.32214E-01,  4.37855E-01,  5.49259E-01,  6.47887E-01,  7.12145E-01,  7.28695E-01,  6.99767E-01,  6.38352E-01,  5.58778E-01,  4.72195E-01,  3.86585E-01,  3.07541E-01,  2.38565E-01,  1.81231E-01,  1.35545E-01,  1.00450E-01,  7.43412E-02,  5.54626E-02,  4.21648E-02,  3.30311E-02,  2.69145E-02,  2.29221E-02,  2.03781E-02,  1.87822E-02,  1.77718E-02,  1.70919E-02,  1.65699E-02,  1.60961E-02,  1.56079E-02,  1.50757E-02,  1.44919E-02,  1.38622E-02,  1.31990E-02,  1.25170E-02,  1.18304E-02,  1.11513E-02,  1.04895E-02,  9.85224E-03,  9.24435E-03,  8.66884E-03,  8.12716E-03,  7.61964E-03,  7.14575E-03,  6.70441E-03,  6.29413E-03,  5.91323E-03,  5.55988E-03,  5.23223E-03,  4.92845E-03,
  7.27769E-04,  8.17648E-04,  9.14894E-04,  1.01976E-03,  1.13241E-03,  1.25283E-03,  1.38083E-03,  1.51596E-03,  1.65741E-03,  1.80398E-03,  1.95393E-03,  2.10492E-03,  2.25395E-03,  2.39725E-03,  2.53037E-03,  2.64820E-03,  2.74529E-03,  2.81627E-03,  2.85660E-03,  2.86365E-03,  2.83820E-03,  2.78640E-03,  2.72237E-03,  2.67125E-03,  2.67323E-03,  2.78841E-03,  3.10336E-03,  3.73979E-03,  4.86664E-03,  6.71712E-03,  9.61237E-03,  1.39940E-02,  2.04670E-02,  2.98534E-02,  4.32521E-02,  6.20923E-02,  8.81506E-02,  1.23472E-01,  1.70106E-01,  2.29532E-01,  3.01700E-01,  3.83754E-01,  4.68969E-01,  5.46905E-01,  6.05779E-01,  6.36344E-01,  6.34586E-01,  6.01729E-01,  5.43091E-01,  4.67125E-01,  3.83903E-01,  3.02782E-01,  2.30483E-01,  1.70477E-01,  1.23482E-01,  8.84125E-02,  6.33064E-02,  4.59919E-02,  3.44781E-02,  2.71167E-02,  2.26270E-02,  2.00518E-02,  1.86944E-02,  1.80574E-02,  1.77936E-02,  1.76694E-02,  1.75374E-02,  1.73152E-02,  1.69671E-02,  1.64897E-02,  1.58990E-02,  1.52204E-02,  1.44823E-02,  1.37113E-02,  1.29300E-02,  1.21564E-02,  1.14039E-02,  1.06818E-02,  9.99580E-03,  9.34934E-03,  8.74369E-03,  8.17879E-03,  7.65361E-03,  7.16647E-03,  6.71534E-03,  6.29799E-03,  5.91208E-03,  5.55532E-03,  5.22546E-03,
  1.12299E-03,  1.24920E-03,  1.38687E-03,  1.53676E-03,  1.69956E-03,  1.87589E-03,  2.06619E-03,  2.27068E-03,  2.48929E-03,  2.72150E-03,  2.96626E-03,  3.22185E-03,  3.48570E-03,  3.75433E-03,  4.02321E-03,  4.28683E-03,  4.53881E-03,  4.77239E-03,  4.98110E-03,  5.15994E-03,  5.30712E-03,  5.42628E-03,  5.52942E-03,  5.64036E-03,  5.79890E-03,  6.06571E-03,  6.52834E-03,  7.30886E-03,  8.57411E-03,  1.05498E-02,  1.35396E-02,  1.79509E-02,  2.43264E-02,  3.33806E-02,  4.60353E-02,  6.34397E-02,  8.69534E-02,  1.18056E-01,  1.58134E-01,  2.08109E-01,  2.67893E-01,  3.35769E-01,  4.07915E-01,  4.78367E-01,  5.39522E-01,  5.82906E-01,  6.00133E-01,  5.84886E-01,  5.36399E-01,  4.61829E-01,  3.74159E-01,  2.86861E-01,  2.09652E-01,  1.47279E-01,  1.00433E-01,  6.73450E-02,  4.52331E-02,  3.12510E-02,  2.29664E-02,  1.84982E-02,  1.64760E-02,  1.59356E-02,  1.62114E-02,  1.68510E-02,  1.75541E-02,  1.81323E-02,  1.84817E-02,  1.85615E-02,  1.83757E-02,  1.79571E-02,  1.73530E-02,  1.66143E-02,  1.57887E-02,  1.49170E-02,  1.40314E-02,  1.31558E-02,  1.23072E-02,  1.14964E-02,  1.07301E-02,  1.00115E-02,  9.34157E-03,  8.71951E-03,  8.14362E-03,  7.61153E-03,  7.12055E-03,  6.66779E-03,  6.25041E-03,  5.86559E-03,  5.51069E-03,
  1.52240E-03,  1.68588E-03,  1.86517E-03,  2.06157E-03,  2.27640E-03,  2.51096E-03,  2.76645E-03,  3.04390E-03,  3.34408E-03,  3.66735E-03,  4.01351E-03,  4.38159E-03,  4.76963E-03,  5.17446E-03,  5.59145E-03,  6.01440E-03,  6.43553E-03,  6.84570E-03,  7.23512E-03,  7.59445E-03,  7.91668E-03,  8.19970E-03,  8.44956E-03,  8.68435E-03,  8.93855E-03,  9.26762E-03,  9.75306E-03,  1.05082E-02,  1.16856E-02,  1.34872E-02,  1.61786E-02,  2.01079E-02,  2.57299E-02,  3.36327E-02,  4.45626E-02,  5.94367E-02,  7.93282E-02,  1.05405E-01,  1.38802E-01,  1.80416E-01,  2.30629E-01,  2.88994E-01,  3.53904E-01,  4.22190E-01,  4.88434E-01,  5.43940E-01,  5.76397E-01,  5.72909E-01,  5.27540E-01,  4.47482E-01,  3.50166E-01,  2.54050E-01,  1.71784E-01,  1.08729E-01,  6.46942E-02,  3.64741E-02,  1.99702E-02,  1.14418E-02,  7.99009E-03,  7.57431E-03,  8.83646E-03,  1.08986E-02,  1.31992E-02,  1.53814E-02,  1.72264E-02,  1.86145E-02,  1.95027E-02,  1.99063E-02,  1.98812E-02,  1.95065E-02,  1.88682E-02,  1.80480E-02,  1.71160E-02,  1.61281E-02,  1.51264E-02,  1.41405E-02,  1.31902E-02,  1.22877E-02,  1.14396E-02,  1.06485E-02,  9.91466E-03,  9.23641E-03,  8.61112E-03,  8.03555E-03,  7.50623E-03,  7.01962E-03,  6.57223E-03,  6.16078E-03,  5.78214E-03,
  1.92347E-03,  2.12490E-03,  2.34669E-03,  2.59078E-03,  2.85920E-03,  3.15401E-03,  3.47731E-03,  3.83110E-03,  4.21718E-03,  4.63702E-03,  5.09151E-03,  5.58073E-03,  6.10358E-03,  6.65747E-03,  7.23780E-03,  7.83765E-03,  8.44745E-03,  9.05492E-03,  9.64549E-03,  1.02033E-02,  1.07133E-02,  1.11637E-02,  1.15504E-02,  1.18814E-02,  1.21810E-02,  1.24950E-02,  1.28939E-02,  1.34765E-02,  1.43732E-02,  1.57512E-02,  1.78234E-02,  2.08610E-02,  2.52123E-02,  3.13265E-02,  3.97777E-02,  5.12853E-02,  6.67176E-02,  8.70723E-02,  1.13424E-01,  1.46837E-01,  1.88247E-01,  2.38291E-01,  2.97001E-01,  3.63135E-01,  4.32749E-01,  4.96927E-01,  5.40165E-01,  5.43823E-01,  4.97399E-01,  4.08811E-01,  3.00622E-01,  1.96529E-01,  1.11901E-01,  5.21100E-02,  1.52324E-02, -4.13599E-03, -1.18340E-02, -1.25750E-02, -9.59731E-03, -4.91107E-03,  3.12078E-04,  5.41085E-03,  1.00142E-02,  1.39147E-02,  1.70058E-02,  1.92559E-02,  2.06964E-02,  2.14108E-02,  2.15180E-02,  2.11525E-02,  2.04459E-02,  1.95144E-02,  1.84522E-02,  1.73307E-02,  1.62009E-02,  1.50971E-02,  1.40410E-02,  1.30449E-02,  1.21148E-02,  1.12522E-02,  1.04561E-02,  9.72372E-03,  9.05119E-03,  8.43435E-03,  7.86886E-03,  7.35043E-03,  6.87497E-03,  6.43865E-03,  6.03790E-03,
  2.32352E-03,  2.56325E-03,  2.82811E-03,  3.12071E-03,  3.44386E-03,  3.80057E-03,  4.19393E-03,  4.62711E-03,  5.10321E-03,  5.62507E-03,  6.19507E-03,  6.81474E-03,  7.48435E-03,  8.20235E-03,  8.96465E-03,  9.76389E-03,  1.05887E-02,  1.14232E-02,  1.22466E-02,  1.30343E-02,  1.37595E-02,  1.43967E-02,  1.49264E-02,  1.53410E-02,  1.56508E-02,  1.58883E-02,  1.61112E-02,  1.64018E-02,  1.68657E-02,  1.76304E-02,  1.88467E-02,  2.06951E-02,  2.34005E-02,  2.72558E-02,  3.26534E-02,  4.01209E-02,  5.03508E-02,  6.42190E-02,  8.27857E-02,  1.07280E-01,  1.39061E-01,  1.79514E-01,  2.29745E-01,  2.89761E-01,  3.56675E-01,  4.21731E-01,  4.67877E-01,  4.73210E-01,  4.24378E-01,  3.29645E-01,  2.15030E-01,  1.08318E-01,  2.73135E-02, -2.29168E-02, -4.67783E-02, -5.25821E-02, -4.81451E-02, -3.89765E-02, -2.83167E-02, -1.78293E-02, -8.26990E-03,  6.20443E-05,  7.06843E-03,  1.27328E-02,  1.70802E-02,  2.01754E-02,  2.21313E-02,  2.31069E-02,  2.32924E-02,  2.28849E-02,  2.20665E-02,  2.09898E-02,  1.97730E-02,  1.85017E-02,  1.72342E-02,  1.60077E-02,  1.48443E-02,  1.37553E-02,  1.27452E-02,  1.18139E-02,  1.09587E-02,  1.01754E-02,  9.45879E-03,  8.80372E-03,  8.20489E-03,  7.65726E-03,  7.15611E-03,  6.69707E-03,  6.27615E-03,
  2.71975E-03,  2.99779E-03,  3.30587E-03,  3.64735E-03,  4.02594E-03,  4.44566E-03,  4.91081E-03,  5.42596E-03,  5.99576E-03,  6.62484E-03,  7.31752E-03,  8.07743E-03,  8.90690E-03,  9.80628E-03,  1.07729E-02,  1.17997E-02,  1.28743E-02,  1.39769E-02,  1.50798E-02,  1.61472E-02,  1.71365E-02,  1.80025E-02,  1.87036E-02,  1.92100E-02,  1.95128E-02,  1.96298E-02,  1.96069E-02,  1.95142E-02,  1.94370E-02,  1.94651E-02,  1.96840E-02,  2.01724E-02,  2.10115E-02,  2.23095E-02,  2.42458E-02,  2.71290E-02,  3.14594E-02,  3.79788E-02,  4.77019E-02,  6.19274E-02,  8.22245E-02,  1.10347E-01,  1.47923E-01,  1.95608E-01,  2.51232E-01,  3.06798E-01,  3.46047E-01,  3.47702E-01,  2.98193E-01,  2.04618E-01,  9.26104E-02, -8.20601E-03, -7.76864E-02, -1.11058E-01, -1.15898E-01, -1.03986E-01, -8.50186E-02, -6.47982E-02, -4.60480E-02, -2.97155E-02, -1.59237E-02, -4.50127E-03,  4.77258E-03,  1.20845E-02,  1.75876E-02,  2.14362E-02,  2.38202E-02,  2.49753E-02,  2.51667E-02,  2.46578E-02,  2.36828E-02,  2.24300E-02,  2.10394E-02,  1.96081E-02,  1.81989E-02,  1.68500E-02,  1.55819E-02,  1.44043E-02,  1.33190E-02,  1.23241E-02,  1.14148E-02,  1.05852E-02,  9.82894E-03,  9.13958E-03,  8.51097E-03,  7.93732E-03,  7.41331E-03,  6.93408E-03,  6.49524E-03,
  3.10927E-03,  3.42523E-03,  3.77622E-03,  4.16645E-03,  4.60058E-03,  5.08381E-03,  5.62182E-03,  6.22078E-03,  6.88727E-03,  7.62817E-03,  8.45034E-03,  9.36027E-03,  1.03634E-02,  1.14633E-02,  1.26602E-02,  1.39490E-02,  1.53177E-02,  1.67437E-02,  1.81923E-02,  1.96143E-02,  2.09463E-02,  2.21156E-02,  2.30481E-02,  2.36818E-02,  2.39815E-02,  2.39489E-02,  2.36250E-02,  2.30798E-02,  2.23931E-02,  2.16300E-02,  2.08165E-02,  1.99231E-02,  1.88620E-02,  1.75112E-02,  1.57744E-02,  1.36759E-02,  1.14689E-02,  9.72117E-03,  9.35320E-03,  1.16331E-02,  1.81413E-02,  3.06764E-02,  5.09753E-02,  7.99762E-02,  1.16257E-01,  1.53589E-01,  1.79027E-01,  1.75336E-01,  1.30479E-01,  4.82714E-02, -5.02394E-02, -1.36117E-01, -1.86994E-01, -1.98191E-01, -1.80768E-01, -1.49926E-01, -1.16593E-01, -8.61303E-02, -6.02538E-02, -3.89557E-02, -2.16461E-02, -7.67860E-03,  3.46077E-03,  1.21279E-02,  1.85713E-02,  2.30094E-02,  2.56930E-02,  2.69265E-02,  2.70473E-02,  2.63834E-02,  2.52176E-02,  2.37704E-02,  2.21990E-02,  2.06082E-02,  1.90624E-02,  1.75984E-02,  1.62343E-02,  1.49765E-02,  1.38245E-02,  1.27736E-02,  1.18171E-02,  1.09474E-02,  1.01569E-02,  9.43815E-03,  8.78402E-03,  8.18809E-03,  7.64450E-03,  7.14794E-03,  6.69368E-03,
  3.48912E-03,  3.84216E-03,  4.23526E-03,  4.67350E-03,  5.16262E-03,  5.70907E-03,  6.32010E-03,  7.00375E-03,  7.76890E-03,  8.62514E-03,  9.58263E-03,  1.06517E-02,  1.18424E-02,  1.31630E-02,  1.46189E-02,  1.62102E-02,  1.79277E-02,  1.97493E-02,  2.16346E-02,  2.35199E-02,  2.53158E-02,  2.69104E-02,  2.81809E-02,  2.90154E-02,  2.93391E-02,  2.91366E-02,  2.84565E-02,  2.73941E-02,  2.60550E-02,  2.45097E-02,  2.27465E-02,  2.06313E-02,  1.78808E-02,  1.40738E-02,  8.72773E-03,  1.45694E-03, -7.82772E-03, -1.87719E-02, -3.05554E-02, -4.19733E-02, -5.15469E-02, -5.76383E-02, -5.86463E-02, -5.34499E-02, -4.22959E-02, -2.81875E-02, -1.82160E-02, -2.31310E-02, -5.30840E-02, -1.10104E-01, -1.81938E-01, -2.43758E-01, -2.72067E-01, -2.61528E-01, -2.25113E-01, -1.79705E-01, -1.36193E-01, -9.89232E-02, -6.85120E-02, -4.41216E-02, -2.46209E-02, -9.03973E-03,  3.31385E-03,  1.28814E-02,  1.99479E-02,  2.47544E-02,  2.75853E-02,  2.87966E-02,  2.87856E-02,  2.79353E-02,  2.65689E-02,  2.49309E-02,  2.31904E-02,  2.14554E-02,  1.97896E-02,  1.82268E-02,  1.67816E-02,  1.54572E-02,  1.42501E-02,  1.31535E-02,  1.21587E-02,  1.12568E-02,  1.04387E-02,  9.69616E-03,  9.02141E-03,  8.40743E-03,  7.84790E-03,  7.33719E-03,  6.87027E-03,
  3.85631E-03,  4.24512E-03,  4.67896E-03,  5.16383E-03,  5.70657E-03,  6.31503E-03,  6.99816E-03,  7.76612E-03,  8.63041E-03,  9.60392E-03,  1.07008E-02,  1.19366E-02,  1.33271E-02,  1.48882E-02,  1.66335E-02,  1.85721E-02,  2.07034E-02,  2.30112E-02,  2.54547E-02,  2.79576E-02,  3.03998E-02,  3.26148E-02,  3.44035E-02,  3.55699E-02,  3.59728E-02,  3.55737E-02,  3.44525E-02,  3.27766E-02,  3.07351E-02,  2.84607E-02,  2.59527E-02,  2.30010E-02,  1.91127E-02,  1.34725E-02,  5.01710E-03, -7.29539E-03, -2.40708E-02, -4.51753E-02, -6.97701E-02, -9.66025E-02, -1.24287E-01, -1.51458E-01, -1.76858E-01, -1.99400E-01, -2.18042E-01, -2.31291E-01, -2.37089E-01, -2.35532E-01, -2.33873E-01, -2.44297E-01, -2.70243E-01, -2.96979E-01, -3.02385E-01, -2.78102E-01, -2.33910E-01, -1.84361E-01, -1.38728E-01, -1.00342E-01, -6.92610E-02, -4.43730E-02, -2.44317E-02, -8.43150E-03,  4.31192E-03,  1.42100E-02,  2.15117E-02,  2.64332E-02,  2.92588E-02,  3.03691E-02,  3.01991E-02,  2.91678E-02,  2.76243E-02,  2.58275E-02,  2.39516E-02,  2.21046E-02,  2.03477E-02,  1.87110E-02,  1.72061E-02,  1.58332E-02,  1.45863E-02,  1.34567E-02,  1.24344E-02,  1.15090E-02,  1.06709E-02,  9.91101E-03,  9.22108E-03,  8.59368E-03,  8.02219E-03,  7.50073E-03,  7.02409E-03,
  4.20788E-03,  4.63066E-03,  5.10328E-03,  5.63265E-03,  6.22678E-03,  6.89497E-03,  7.64797E-03,  8.49826E-03,  9.46030E-03,  1.05507E-02,  1.17886E-02,  1.31955E-02,  1.47953E-02,  1.66138E-02,  1.86773E-02,  2.10096E-02,  2.36270E-02,  2.65296E-02,  2.96879E-02,  3.30227E-02,  3.63832E-02,  3.95296E-02,  4.21409E-02,  4.38695E-02,  4.44459E-02,  4.37900E-02,  4.20553E-02,  3.95688E-02,  3.67042E-02,  3.37514E-02,  3.08097E-02,  2.76749E-02,  2.36837E-02,  1.75313E-02,  7.23309E-03, -9.44421E-03, -3.40123E-02, -6.64736E-02, -1.05545E-01, -1.49554E-01, -1.97074E-01, -2.47102E-01, -2.99088E-01, -3.52914E-01, -4.07956E-01, -4.59268E-01, -4.90820E-01, -4.78629E-01, -4.20131E-01, -3.49837E-01, -3.02566E-01, -2.81312E-01, -2.65957E-01, -2.40026E-01, -2.02834E-01, -1.61830E-01, -1.23324E-01, -9.00740E-02, -6.24370E-02, -3.97625E-02, -2.11964E-02, -6.02160E-03,  6.24280E-03,  1.58646E-02,  2.29915E-02,  2.77740E-02,  3.04624E-02,  3.14289E-02,  3.11145E-02,  2.99481E-02,  2.82858E-02,  2.63890E-02,  2.44318E-02,  2.25196E-02,  2.07108E-02,  1.90329E-02,  1.74948E-02,  1.60950E-02,  1.48261E-02,  1.36781E-02,  1.26401E-02,  1.17012E-02,  1.08514E-02,  1.00810E-02,  9.38169E-03,  8.74578E-03,  8.16649E-03,  7.63785E-03,  7.15453E-03,
  4.54099E-03,  4.99543E-03,  5.50422E-03,  6.07521E-03,  6.71755E-03,  7.44198E-03,  8.26114E-03,  9.18995E-03,  1.02460E-02,  1.14500E-02,  1.28267E-02,  1.44048E-02,  1.62180E-02,  1.83052E-02,  2.07097E-02,  2.34780E-02,  2.66546E-02,  3.02732E-02,  3.43379E-02,  3.87923E-02,  4.34721E-02,  4.80512E-02,  5.20146E-02,  5.47265E-02,  5.56415E-02,  5.45807E-02,  5.18579E-02,  4.81352E-02,  4.41448E-02,  4.04729E-02,  3.74518E-02,  3.50558E-02,  3.26488E-02,  2.84746E-02,  1.90958E-02, -1.91452E-04, -3.28859E-02, -7.87538E-02, -1.34784E-01, -1.98036E-01, -2.66894E-01, -3.40869E-01, -4.20588E-01, -5.08666E-01, -6.10276E-01, -7.27081E-01, -8.29162E-01, -8.23366E-01, -6.61177E-01, -4.50085E-01, -2.94429E-01, -2.13655E-01, -1.80442E-01, -1.62293E-01, -1.42622E-01, -1.19053E-01, -9.42516E-02, -7.07051E-02, -4.96153E-02, -3.12710E-02, -1.55528E-02, -2.25414E-03,  8.76862E-03,  1.75654E-02,  2.41439E-02,  2.85640E-02,  3.10159E-02,  3.18305E-02,  3.14200E-02,  3.01934E-02,  2.84937E-02,  2.65736E-02,  2.46017E-02,  2.26801E-02,  2.08649E-02,  1.91824E-02,  1.76408E-02,  1.62379E-02,  1.49660E-02,  1.38151E-02,  1.27741E-02,  1.18322E-02,  1.09791E-02,  1.02054E-02,  9.50270E-03,  8.86329E-03,  8.28046E-03,  7.74825E-03,  7.26136E-03,
  4.85294E-03,  5.33622E-03,  5.87798E-03,  6.48692E-03,  7.17328E-03,  7.94923E-03,  8.82923E-03,  9.83062E-03,  1.09742E-02,  1.22851E-02,  1.37938E-02,  1.55372E-02,  1.75602E-02,  1.99174E-02,  2.26741E-02,  2.59077E-02,  2.97057E-02,  3.41592E-02,  3.93449E-02,  4.52833E-02,  5.18579E-02,  5.86833E-02,  6.49608E-02,  6.94867E-02,  7.10634E-02,  6.92418E-02,  6.47088E-02,  5.88599E-02,  5.30861E-02,  4.84244E-02,  4.55737E-02,  4.49610E-02,  4.65152E-02,  4.86641E-02,  4.61221E-02,  2.85479E-02, -1.31829E-02, -7.71009E-02, -1.54458E-01, -2.39569E-01, -3.31028E-01, -4.29332E-01, -5.36323E-01, -6.58212E-01, -8.13183E-01, -1.03873E+00, -1.34563E+00, -1.44850E+00, -1.04049E+00, -5.71853E-01, -2.74397E-01, -1.30678E-01, -8.22344E-02, -7.40732E-02, -7.34303E-02, -6.87600E-02, -5.91953E-02, -4.68007E-02, -3.35103E-02, -2.05265E-02, -8.48768E-03,  2.26778E-03,  1.15198E-02,  1.90870E-02,  2.48333E-02,  2.87235E-02,  3.08734E-02,  3.15478E-02,  3.11008E-02,  2.98956E-02,  2.82436E-02,  2.63790E-02,  2.44603E-02,  2.25858E-02,  2.08102E-02,  1.91602E-02,  1.76446E-02,  1.62624E-02,  1.50068E-02,  1.38685E-02,  1.28371E-02,  1.19024E-02,  1.10546E-02,  1.02847E-02,  9.58441E-03,  8.94647E-03,  8.36430E-03,  7.83210E-03,  7.34471E-03,
  5.14127E-03,  5.65011E-03,  6.22103E-03,  6.86349E-03,  7.58873E-03,  8.41020E-03,  9.34407E-03,  1.04099E-02,  1.16317E-02,  1.30387E-02,  1.46673E-02,  1.65627E-02,  1.87819E-02,  2.13966E-02,  2.44981E-02,  2.82019E-02,  3.26534E-02,  3.80308E-02,  4.45379E-02,  5.23703E-02,  6.16109E-02,  7.19809E-02,  8.23887E-02,  9.05308E-02,  9.35123E-02,  9.00473E-02,  8.18540E-02,  7.20916E-02,  6.33016E-02,  5.70006E-02,  5.42252E-02,  5.61031E-02,  6.40733E-02,  7.89121E-02,  9.54534E-02,  9.10282E-02,  3.68004E-02, -5.69187E-02, -1.63002E-01, -2.72514E-01, -3.87032E-01, -5.09395E-01, -6.41851E-01, -7.90430E-01, -9.81575E-01, -1.30420E+00, -1.95623E+00, -2.45146E+00, -1.46871E+00, -6.70238E-01, -2.55633E-01, -6.68153E-02, -6.14941E-03, -2.84907E-03, -1.44773E-02, -2.34860E-02, -2.60167E-02, -2.31988E-02, -1.70767E-02, -9.32383E-03, -1.07610E-03,  6.92521E-03,  1.41734E-02,  2.03006E-02,  2.50536E-02,  2.83151E-02,  3.01263E-02,  3.06748E-02,  3.02396E-02,  2.91211E-02,  2.75862E-02,  2.58425E-02,  2.40351E-02,  2.22567E-02,  2.05614E-02,  1.89770E-02,  1.75144E-02,  1.61747E-02,  1.49530E-02,  1.38417E-02,  1.28318E-02,  1.19140E-02,  1.10796E-02,  1.03201E-02,  9.62795E-03,  8.99623E-03,  8.41875E-03,  7.89000E-03,  7.40505E-03,
  5.40385E-03,  5.93454E-03,  6.53028E-03,  7.20115E-03,  7.95922E-03,  8.81903E-03,  9.79820E-03,  1.09183E-02,  1.22059E-02,  1.36942E-02,  1.54249E-02,  1.74509E-02,  1.98408E-02,  2.26835E-02,  2.60971E-02,  3.02392E-02,  3.53234E-02,  4.16400E-02,  4.95810E-02,  5.96538E-02,  7.24293E-02,  8.82459E-02,  1.06230E-01,  1.22297E-01,  1.28727E-01,  1.21188E-01,  1.04949E-01,  8.78716E-02,  7.41288E-02,  6.51474E-02,  6.17945E-02,  6.57435E-02,  8.05816E-02,  1.12722E-01,  1.66391E-01,  2.02958E-01,  1.25023E-01, -2.20867E-02, -1.63516E-01, -2.96442E-01, -4.31850E-01, -5.77288E-01, -7.35513E-01, -9.04585E-01, -1.08787E+00, -1.34876E+00, -1.83172E+00, -2.11323E+00, -1.34034E+00, -6.28472E-01, -2.28169E-01, -3.55828E-02,  3.16924E-02,  3.77282E-02,  2.37419E-02,  9.13013E-03, -3.63131E-05, -3.48020E-03, -2.66046E-03,  8.40821E-04,  5.76648E-03,  1.12031E-02,  1.64937E-02,  2.11636E-02,  2.48876E-02,  2.74906E-02,  2.89507E-02,  2.93808E-02,  2.89821E-02,  2.79866E-02,  2.66111E-02,  2.50313E-02,  2.33753E-02,  2.17289E-02,  2.01448E-02,  1.86522E-02,  1.72646E-02,  1.59856E-02,  1.48130E-02,  1.37412E-02,  1.27630E-02,  1.18709E-02,  1.10571E-02,  1.03141E-02,  9.63523E-03,  9.01411E-03,  8.44505E-03,  7.92295E-03,  7.44320E-03,
  5.63893E-03,  6.18742E-03,  6.80317E-03,  7.49675E-03,  8.28084E-03,  9.17078E-03,  1.01853E-02,  1.13475E-02,  1.26860E-02,  1.42370E-02,  1.60464E-02,  1.81736E-02,  2.06966E-02,  2.37193E-02,  2.73834E-02,  3.18857E-02,  3.75067E-02,  4.46561E-02,  5.39476E-02,  6.63180E-02,  8.31907E-02,  1.06539E-01,  1.37916E-01,  1.72777E-01,  1.89435E-01,  1.69952E-01,  1.34996E-01,  1.05052E-01,  8.41757E-02,  7.14717E-02,  6.64468E-02,  7.04527E-02,  8.80122E-02,  1.29474E-01,  2.10934E-01,  2.93417E-01,  1.89848E-01, -2.67413E-03, -1.65427E-01, -3.11201E-01, -4.59914E-01, -6.24798E-01, -8.16219E-01, -1.03474E+00, -1.20385E+00, -1.25765E+00, -1.31542E+00, -1.24768E+00, -8.89794E-01, -4.79391E-01, -1.88355E-01, -2.75776E-02,  3.81429E-02,  5.05171E-02,  4.12076E-02,  2.76662E-02,  1.69566E-02,  1.07246E-02,  8.45358E-03,  9.04683E-03,  1.14383E-02,  1.47588E-02,  1.83403E-02,  2.16855E-02,  2.44467E-02,  2.64193E-02,  2.75368E-02,  2.78500E-02,  2.74905E-02,  2.66262E-02,  2.54240E-02,  2.40261E-02,  2.25418E-02,  2.10480E-02,  1.95946E-02,  1.82115E-02,  1.69144E-02,  1.57097E-02,  1.45977E-02,  1.35753E-02,  1.26375E-02,  1.17782E-02,  1.09911E-02,  1.02700E-02,  9.60886E-03,  9.00220E-03,  8.44490E-03,  7.93233E-03,  7.46030E-03,
  5.84519E-03,  6.40717E-03,  7.03782E-03,  7.74798E-03,  8.55069E-03,  9.46178E-03,  1.05006E-02,  1.16912E-02,  1.30636E-02,  1.46555E-02,  1.65158E-02,  1.87079E-02,  2.13160E-02,  2.44538E-02,  2.82793E-02,  3.30169E-02,  3.89963E-02,  4.67200E-02,  5.69885E-02,  7.11436E-02,  9.15681E-02,  1.22711E-01,  1.72650E-01,  2.48130E-01,  2.98488E-01,  2.40733E-01,  1.67007E-01,  1.19604E-01,  9.11271E-02,  7.45694E-02,  6.69745E-02,  6.83478E-02,  8.15685E-02,  1.12897E-01,  1.66932E-01,  2.04489E-01,  1.23689E-01, -2.81687E-02, -1.74467E-01, -3.14402E-01, -4.62402E-01, -6.34047E-01, -8.59626E-01, -1.24547E+00, -1.67299E+00, -1.22337E+00, -9.77272E-01, -7.98989E-01, -5.73781E-01, -3.35329E-01, -1.45448E-01, -2.66159E-02,  3.04064E-02,  4.73059E-02,  4.44364E-02,  3.51154E-02,  2.60020E-02,  1.95298E-02,  1.60265E-02,  1.49860E-02,  1.56860E-02,  1.74365E-02,  1.96587E-02,  2.18991E-02,  2.38285E-02,  2.52397E-02,  2.60407E-02,  2.62376E-02,  2.59068E-02,  2.51620E-02,  2.41252E-02,  2.29071E-02,  2.15972E-02,  2.02620E-02,  1.89474E-02,  1.76827E-02,  1.64852E-02,  1.53634E-02,  1.43200E-02,  1.33542E-02,  1.24630E-02,  1.16421E-02,  1.08867E-02,  1.01916E-02,  9.55197E-03,  8.96303E-03,  8.42036E-03,  7.91984E-03,  7.45772E-03,
  6.02181E-03,  6.59282E-03,  7.23306E-03,  7.95342E-03,  8.76702E-03,  9.68982E-03,  1.07413E-02,  1.19458E-02,  1.33335E-02,  1.49429E-02,  1.68234E-02,  1.90396E-02,  2.16774E-02,  2.48539E-02,  2.87319E-02,  3.35448E-02,  3.96388E-02,  4.75484E-02,  5.81419E-02,  7.29176E-02,  9.46680E-02,  1.29091E-01,  1.88776E-01,  2.96554E-01,  3.89752E-01,  2.84550E-01,  1.81190E-01,  1.24561E-01,  9.24320E-02,  7.35637E-02,  6.34248E-02,  6.06264E-02,  6.54429E-02,  7.81524E-02,  9.33242E-02,  8.73334E-02,  2.95795E-02, -6.94657E-02, -1.82328E-01, -3.01618E-01, -4.32302E-01, -5.85129E-01, -7.89788E-01, -1.17474E+00, -1.67486E+00, -1.03275E+00, -7.14170E-01, -5.29849E-01, -3.71054E-01, -2.24107E-01, -1.04246E-01, -2.27637E-02,  2.17491E-02,  3.91469E-02,  4.09120E-02,  3.59206E-02,  2.94752E-02,  2.40777E-02,  2.05382E-02,  1.88202E-02,  1.85434E-02,  1.92391E-02,  2.04644E-02,  2.18472E-02,  2.31038E-02,  2.40439E-02,  2.45674E-02,  2.46524E-02,  2.43357E-02,  2.36889E-02,  2.27972E-02,  2.17431E-02,  2.05975E-02,  1.94158E-02,  1.82388E-02,  1.70939E-02,  1.59990E-02,  1.49638E-02,  1.39933E-02,  1.30884E-02,  1.22479E-02,  1.14693E-02,  1.07490E-02,  1.00833E-02,  9.46807E-03,  8.89948E-03,  8.37376E-03,  7.88738E-03,  7.43704E-03,
  6.16847E-03,  6.74404E-03,  7.38852E-03,  8.11265E-03,  8.92936E-03,  9.85431E-03,  1.09067E-02,  1.21103E-02,  1.34946E-02,  1.50973E-02,  1.69663E-02,  1.91645E-02,  2.17749E-02,  2.49099E-02,  2.87251E-02,  3.34416E-02,  3.93835E-02,  4.70433E-02,  5.72020E-02,  7.11597E-02,  9.11969E-02,  1.21476E-01,  1.69162E-01,  2.38625E-01,  2.82723E-01,  2.31375E-01,  1.62579E-01,  1.16316E-01,  8.72149E-02,  6.86299E-02,  5.69455E-02,  5.03210E-02,  4.74826E-02,  4.61867E-02,  4.06426E-02,  1.98590E-02, -2.59607E-02, -9.50361E-02, -1.78665E-01, -2.71591E-01, -3.73113E-01, -4.84677E-01, -6.10031E-01, -7.46674E-01, -7.90503E-01, -6.29794E-01, -4.51701E-01, -3.23041E-01, -2.22609E-01, -1.36408E-01, -6.52533E-02, -1.36819E-02,  1.75409E-02,  3.21435E-02,  3.58243E-02,  3.38153E-02,  2.97804E-02,  2.57962E-02,  2.27835E-02,  2.09687E-02,  2.02245E-02,  2.02775E-02,  2.08223E-02,  2.15788E-02,  2.23202E-02,  2.28844E-02,  2.31758E-02,  2.31585E-02,  2.28432E-02,  2.22714E-02,  2.14995E-02,  2.05870E-02,  1.95881E-02,  1.85475E-02,  1.74999E-02,  1.64704E-02,  1.54761E-02,  1.45275E-02,  1.36308E-02,  1.27884E-02,  1.20008E-02,  1.12667E-02,  1.05838E-02,  9.94959E-03,  9.36088E-03,  8.81459E-03,  8.30764E-03,  7.83705E-03,  7.40002E-03,
  6.28537E-03,  6.86112E-03,  7.50463E-03,  8.22627E-03,  9.03849E-03,  9.95634E-03,  1.09982E-02,  1.21865E-02,  1.35495E-02,  1.51223E-02,  1.69498E-02,  1.90901E-02,  2.16189E-02,  2.46376E-02,  2.82836E-02,  3.27479E-02,  3.83010E-02,  4.53362E-02,  5.44370E-02,  6.64817E-02,  8.27707E-02,  1.05013E-01,  1.34259E-01,  1.65691E-01,  1.80008E-01,  1.62109E-01,  1.29279E-01,  9.96800E-02,  7.73130E-02,  6.10198E-02,  4.91114E-02,  4.01276E-02,  3.25087E-02,  2.38916E-02,  1.03825E-02, -1.31176E-02, -5.03710E-02, -1.01120E-01, -1.61981E-01, -2.29139E-01, -2.98947E-01, -3.66383E-01, -4.22383E-01, -4.48659E-01, -4.16166E-01, -3.25061E-01, -2.28193E-01, -1.58400E-01, -1.08633E-01, -6.67645E-02, -3.02070E-02, -1.39529E-03,  1.78491E-02,  2.81004E-02,  3.16207E-02,  3.10786E-02,  2.86880E-02,  2.59177E-02,  2.35589E-02,  2.19198E-02,  2.10166E-02,  2.07156E-02,  2.08244E-02,  2.11464E-02,  2.15107E-02,  2.17875E-02,  2.18929E-02,  2.17867E-02,  2.14644E-02,  2.09470E-02,  2.02703E-02,  1.94754E-02,  1.86024E-02,  1.76865E-02,  1.67563E-02,  1.58338E-02,  1.49345E-02,  1.40693E-02,  1.32447E-02,  1.24644E-02,  1.17299E-02,  1.10410E-02,  1.03967E-02,  9.79511E-03,  9.23418E-03,  8.71149E-03,  8.22459E-03,  7.77103E-03,  7.34845E-03,
  6.37321E-03,  6.94498E-03,  7.58256E-03,  8.29581E-03,  9.09645E-03,  9.99858E-03,  1.10193E-02,  1.21794E-02,  1.35045E-02,  1.50267E-02,  1.67861E-02,  1.88336E-02,  2.12350E-02,  2.40755E-02,  2.74678E-02,  3.15619E-02,  3.65596E-02,  4.27328E-02,  5.04426E-02,  6.01448E-02,  7.23232E-02,  8.71851E-02,  1.03742E-01,  1.18099E-01,  1.23352E-01,  1.15691E-01,  9.95439E-02,  8.17056E-02,  6.57437E-02,  5.24216E-02,  4.13144E-02,  3.15463E-02,  2.18840E-02,  1.05793E-02, -4.69539E-03, -2.64123E-02, -5.61393E-02, -9.36036E-02, -1.36709E-01, -1.82076E-01, -2.25020E-01, -2.58742E-01, -2.73506E-01, -2.57905E-01, -2.06886E-01, -1.36235E-01, -7.77227E-02, -4.57297E-02, -2.94128E-02, -1.61090E-02, -2.16847E-03,  1.08158E-02,  2.06833E-02,  2.65666E-02,  2.88891E-02,  2.87286E-02,  2.72322E-02,  2.53000E-02,  2.34998E-02,  2.21096E-02,  2.12023E-02,  2.07267E-02,  2.05704E-02,  2.06026E-02,  2.07006E-02,  2.07649E-02,  2.07264E-02,  2.05464E-02,  2.02128E-02,  1.97338E-02,  1.91306E-02,  1.84306E-02,  1.76629E-02,  1.68541E-02,  1.60274E-02,  1.52011E-02,  1.43892E-02,  1.36019E-02,  1.28458E-02,  1.21254E-02,  1.14427E-02,  1.07986E-02,  1.01927E-02,  9.62426E-03,  9.09169E-03,  8.59330E-03,  8.12721E-03,  7.69150E-03,  7.28420E-03,
  6.43315E-03,  6.99708E-03,  7.62422E-03,  8.32370E-03,  9.10635E-03,  9.98506E-03,  1.09753E-02,  1.20958E-02,  1.33692E-02,  1.48235E-02,  1.64931E-02,  1.84207E-02,  2.06599E-02,  2.32783E-02,  2.63610E-02,  3.00153E-02,  3.43747E-02,  3.96000E-02,  4.58698E-02,  5.33431E-02,  6.20547E-02,  7.16781E-02,  8.11220E-02,  8.82124E-02,  9.02967E-02,  8.61621E-02,  7.72049E-02,  6.60679E-02,  5.47759E-02,  4.42217E-02,  3.44720E-02,  2.50931E-02,  1.52916E-02,  3.95799E-03, -1.02295E-02, -2.84936E-02, -5.14430E-02, -7.85896E-02, -1.08144E-01, -1.37018E-01, -1.60767E-01, -1.73490E-01, -1.68361E-01, -1.40253E-01, -9.16562E-02, -3.80835E-02, -5.43620E-04,  1.40424E-02,  1.56000E-02,  1.51774E-02,  1.69586E-02,  2.04638E-02,  2.40158E-02,  2.64310E-02,  2.73535E-02,  2.70139E-02,  2.58872E-02,  2.44455E-02,  2.30393E-02,  2.18707E-02,  2.10162E-02,  2.04643E-02,  2.01524E-02,  1.99963E-02,  1.99105E-02,  1.98215E-02,  1.96744E-02,  1.94353E-02,  1.90892E-02,  1.86367E-02,  1.80892E-02,  1.74646E-02,  1.67830E-02,  1.60644E-02,  1.53267E-02,  1.45851E-02,  1.38517E-02,  1.31355E-02,  1.24432E-02,  1.17791E-02,  1.11460E-02,  1.05451E-02,  9.97696E-03,  9.44116E-03,  8.93688E-03,  8.46297E-03,  8.01805E-03,  7.60060E-03,  7.20909E-03,
  6.46675E-03,  7.01939E-03,  7.63207E-03,  8.31309E-03,  9.07223E-03,  9.92100E-03,  1.08731E-02,  1.19447E-02,  1.31554E-02,  1.45286E-02,  1.60925E-02,  1.78813E-02,  1.99365E-02,  2.23076E-02,  2.50542E-02,  2.82451E-02,  3.19571E-02,  3.62666E-02,  4.12310E-02,  4.68473E-02,  5.29741E-02,  5.92101E-02,  6.47688E-02,  6.84998E-02,  6.92663E-02,  6.65952E-02,  6.10033E-02,  5.36062E-02,  4.54595E-02,  3.71970E-02,  2.90041E-02,  2.07133E-02,  1.18925E-02,  1.91623E-03, -9.93131E-03, -2.42642E-02, -4.12902E-02, -6.04489E-02, -8.01405E-02, -9.76742E-02, -1.09414E-01, -1.11141E-01, -9.90184E-02, -7.17475E-02, -3.37172E-02,  3.82352E-03,  2.85520E-02,  3.69165E-02,  3.50896E-02,  3.07370E-02,  2.77467E-02,  2.66520E-02,  2.66209E-02,  2.67515E-02,  2.65317E-02,  2.58416E-02,  2.47982E-02,  2.36020E-02,  2.24375E-02,  2.14285E-02,  2.06321E-02,  2.00497E-02,  1.96466E-02,  1.93686E-02,  1.91570E-02,  1.89585E-02,  1.87308E-02,  1.84453E-02,  1.80871E-02,  1.76526E-02,  1.71471E-02,  1.65814E-02,  1.59693E-02,  1.53253E-02,  1.46631E-02,  1.39949E-02,  1.33306E-02,  1.26783E-02,  1.20441E-02,  1.14322E-02,  1.08454E-02,  1.02857E-02,  9.75365E-03,  9.24955E-03,  8.77300E-03,  8.32329E-03,  7.89946E-03,  7.50039E-03,  7.12487E-03,
  6.47589E-03,  7.01426E-03,  7.60906E-03,  8.26769E-03,  8.99879E-03,  9.81240E-03,  1.07203E-02,  1.17362E-02,  1.28762E-02,  1.41594E-02,  1.56079E-02,  1.72476E-02,  1.91086E-02,  2.12248E-02,  2.36336E-02,  2.63737E-02,  2.94801E-02,  3.29742E-02,  3.68458E-02,  4.10228E-02,  4.53265E-02,  4.94230E-02,  5.28012E-02,  5.48391E-02,  5.49957E-02,  5.30544E-02,  4.92293E-02,  4.40324E-02,  3.80193E-02,  3.15962E-02,  2.49520E-02,  1.80719E-02,  1.07793E-02,  2.78178E-03, -6.27918E-03, -1.67480E-02, -2.87686E-02, -4.19189E-02, -5.48405E-02, -6.52515E-02, -7.03605E-02, -6.74579E-02, -5.47849E-02, -3.28633E-02, -5.76358E-03,  1.93570E-02,  3.58240E-02,  4.17836E-02,  4.04423E-02,  3.63589E-02,  3.24848E-02,  2.97919E-02,  2.81252E-02,  2.70061E-02,  2.60422E-02,  2.50383E-02,  2.39616E-02,  2.28669E-02,  2.18325E-02,  2.09215E-02,  2.01667E-02,  1.95701E-02,  1.91101E-02,  1.87511E-02,  1.84524E-02,  1.81754E-02,  1.78877E-02,  1.75662E-02,  1.71968E-02,  1.67744E-02,  1.63001E-02,  1.57801E-02,  1.52236E-02,  1.46407E-02,  1.40417E-02,  1.34360E-02,  1.28318E-02,  1.22361E-02,  1.16540E-02,  1.10896E-02,  1.05457E-02,  1.00244E-02,  9.52653E-03,  9.05271E-03,  8.60291E-03,  8.17677E-03,  7.77366E-03,  7.39278E-03,  7.03322E-03,
  6.46271E-03,  6.98434E-03,  7.55846E-03,  8.19158E-03,  8.89116E-03,  9.66574E-03,  1.05252E-02,  1.14807E-02,  1.25453E-02,  1.37336E-02,  1.50624E-02,  1.65502E-02,  1.82171E-02,  2.00843E-02,  2.21722E-02,  2.44976E-02,  2.70681E-02,  2.98738E-02,  3.28737E-02,  3.59770E-02,  3.90222E-02,  4.17620E-02,  4.38719E-02,  4.50015E-02,  4.48699E-02,  4.33659E-02,  4.05879E-02,  3.67928E-02,  3.22897E-02,  2.73447E-02,  2.21307E-02,  1.67227E-02,  1.11144E-02,  5.23519E-03, -1.05986E-03, -8.02328E-03, -1.59436E-02, -2.47135E-02, -3.32458E-02, -3.95557E-02, -4.14895E-02, -3.73940E-02, -2.66854E-02, -1.04802E-02,  8.09753E-03,  2.47015E-02,  3.57606E-02,  4.02935E-02,  3.98776E-02,  3.70300E-02,  3.37115E-02,  3.08689E-02,  2.86949E-02,  2.70365E-02,  2.56778E-02,  2.44653E-02,  2.33300E-02,  2.22640E-02,  2.12882E-02,  2.04266E-02,  1.96921E-02,  1.90827E-02,  1.85824E-02,  1.81661E-02,  1.78048E-02,  1.74700E-02,  1.71371E-02,  1.67871E-02,  1.64077E-02,  1.59929E-02,  1.55416E-02,  1.50569E-02,  1.45443E-02,  1.40110E-02,  1.34643E-02,  1.29115E-02,  1.23591E-02,  1.18127E-02,  1.12769E-02,  1.07553E-02,  1.02506E-02,  9.76466E-03,  9.29872E-03,  8.85347E-03,  8.42914E-03,  8.02564E-03,  7.64261E-03,  7.27951E-03,  6.93566E-03,
  6.42952E-03,  6.93244E-03,  7.48376E-03,  8.08906E-03,  8.75465E-03,  9.48764E-03,  1.02960E-02,  1.11888E-02,  1.21759E-02,  1.32683E-02,  1.44778E-02,  1.58168E-02,  1.72976E-02,  1.89314E-02,  2.07265E-02,  2.26852E-02,  2.47994E-02,  2.70440E-02,  2.93683E-02,  3.16861E-02,  3.38673E-02,  3.57367E-02,  3.70873E-02,  3.77134E-02,  3.74595E-02,  3.62653E-02,  3.41827E-02,  3.13554E-02,  2.79719E-02,  2.42202E-02,  2.02595E-02,  1.62143E-02,  1.21815E-02,  8.22562E-03,  4.32561E-03,  2.48996E-04, -4.48916E-03, -1.01351E-02, -1.58597E-02, -1.98887E-02, -2.05101E-02, -1.67282E-02, -8.52373E-03,  2.96967E-03,  1.55453E-02,  2.65770E-02,  3.40905E-02,  3.75302E-02,  3.76680E-02,  3.58674E-02,  3.33490E-02,  3.08585E-02,  2.86961E-02,  2.68921E-02,  2.53701E-02,  2.40446E-02,  2.28590E-02,  2.17886E-02,  2.08289E-02,  1.99822E-02,  1.92487E-02,  1.86218E-02,  1.80877E-02,  1.76270E-02,  1.72180E-02,  1.68390E-02,  1.64706E-02,  1.60975E-02,  1.57088E-02,  1.52983E-02,  1.48638E-02,  1.44060E-02,  1.39281E-02,  1.34347E-02,  1.29312E-02,  1.24227E-02,  1.19144E-02,  1.14108E-02,  1.09157E-02,  1.04322E-02,  9.96280E-03,  9.50922E-03,  9.07274E-03,  8.65414E-03,  8.25381E-03,  7.87183E-03,  7.50805E-03,  7.16213E-03,  6.83358E-03,
  6.37871E-03,  6.86148E-03,  7.38848E-03,  7.96444E-03,  8.59456E-03,  9.28461E-03,  1.00409E-02,  1.08704E-02,  1.17804E-02,  1.27786E-02,  1.38729E-02,  1.50708E-02,  1.63785E-02,  1.78003E-02,  1.93364E-02,  2.09804E-02,  2.27164E-02,  2.45139E-02,  2.63235E-02,  2.80719E-02,  2.96597E-02,  3.09645E-02,  3.18528E-02,  3.22000E-02,  3.19165E-02,  3.09700E-02,  2.93942E-02,  2.72802E-02,  2.47562E-02,  2.19659E-02,  1.90548E-02,  1.61662E-02,  1.34410E-02,  1.10004E-02,  8.87058E-03,  6.82365E-03,  4.29587E-03,  8.69155E-04, -2.85680E-03, -5.40170E-03, -5.43372E-03, -2.34378E-03,  3.67997E-03,  1.16992E-02,  2.02169E-02,  2.76269E-02,  3.27799E-02,  3.53256E-02,  3.56404E-02,  3.44727E-02,  3.25716E-02,  3.04769E-02,  2.84819E-02,  2.66956E-02,  2.51264E-02,  2.37450E-02,  2.25197E-02,  2.14285E-02,  2.04590E-02,  1.96038E-02,  1.88558E-02,  1.82052E-02,  1.76388E-02,  1.71403E-02,  1.66923E-02,  1.62773E-02,  1.58800E-02,  1.54873E-02,  1.50897E-02,  1.46812E-02,  1.42584E-02,  1.38210E-02,  1.33702E-02,  1.29090E-02,  1.24407E-02,  1.19692E-02,  1.14983E-02,  1.10315E-02,  1.05719E-02,  1.01222E-02,  9.68434E-03,  9.26008E-03,  8.85057E-03,  8.45661E-03,  8.07869E-03,  7.71698E-03,  7.37149E-03,  7.04202E-03,  6.72822E-03,
  6.31269E-03,  6.77432E-03,  7.27610E-03,  7.82190E-03,  8.41594E-03,  9.06278E-03,  9.76727E-03,  1.05345E-02,  1.13696E-02,  1.22778E-02,  1.32636E-02,  1.43309E-02,  1.54817E-02,  1.67155E-02,  1.80275E-02,  1.94072E-02,  2.08355E-02,  2.22823E-02,  2.37040E-02,  2.50414E-02,  2.62209E-02,  2.71574E-02,  2.77637E-02,  2.79629E-02,  2.77031E-02,  2.69689E-02,  2.57870E-02,  2.42229E-02,  2.23723E-02,  2.03505E-02,  1.82860E-02,  1.63161E-02,  1.45809E-02,  1.31963E-02,  1.21804E-02,  1.13238E-02,  1.01546E-02,  8.32736E-03,  6.24774E-03,  4.96458E-03,  5.41577E-03,  7.97849E-03,  1.24358E-02,  1.80842E-02,  2.39251E-02,  2.89561E-02,  3.24761E-02,  3.42507E-02,  3.44685E-02,  3.35592E-02,  3.19957E-02,  3.01619E-02,  2.83079E-02,  2.65637E-02,  2.49788E-02,  2.35594E-02,  2.22947E-02,  2.11704E-02,  2.01738E-02,  1.92939E-02,  1.85197E-02,  1.78395E-02,  1.72401E-02,  1.67069E-02,  1.62248E-02,  1.57792E-02,  1.53570E-02,  1.49470E-02,  1.45408E-02,  1.41321E-02,  1.37174E-02,  1.32952E-02,  1.28656E-02,  1.24299E-02,  1.19904E-02,  1.15497E-02,  1.11103E-02,  1.06751E-02,  1.02463E-02,  9.82624E-03,  9.41655E-03,  9.01867E-03,  8.63368E-03,  8.26236E-03,  7.90519E-03,  7.56245E-03,  7.23419E-03,  6.92033E-03,  6.62066E-03,
  6.23380E-03,  6.67378E-03,  7.14993E-03,  7.66539E-03,  8.22350E-03,  8.82774E-03,  9.48170E-03,  1.01890E-02,  1.09529E-02,  1.17766E-02,  1.26624E-02,  1.36112E-02,  1.46224E-02,  1.56926E-02,  1.68144E-02,  1.79755E-02,  1.91569E-02,  2.03313E-02,  2.14624E-02,  2.25043E-02,  2.34027E-02,  2.40990E-02,  2.45361E-02,  2.46664E-02,  2.44603E-02,  2.39135E-02,  2.30501E-02,  2.19219E-02,  2.06045E-02,  1.91922E-02,  1.77935E-02,  1.65258E-02,  1.55041E-02,  1.48140E-02,  1.44535E-02,  1.42619E-02,  1.39376E-02,  1.32943E-02,  1.25893E-02,  1.24524E-02,  1.34558E-02,  1.58102E-02,  1.93193E-02,  2.34705E-02,  2.75888E-02,  3.10301E-02,  3.33558E-02,  3.44192E-02,  3.43375E-02,  3.33885E-02,  3.18942E-02,  3.01372E-02,  2.83221E-02,  2.65734E-02,  2.49539E-02,  2.34861E-02,  2.21714E-02,  2.10013E-02,  1.99642E-02,  1.90475E-02,  1.82385E-02,  1.75241E-02,  1.68905E-02,  1.63239E-02,  1.58106E-02,  1.53377E-02,  1.48934E-02,  1.44677E-02,  1.40527E-02,  1.36424E-02,  1.32330E-02,  1.28220E-02,  1.24088E-02,  1.19936E-02,  1.15775E-02,  1.11622E-02,  1.07494E-02,  1.03411E-02,  9.93908E-03,  9.54496E-03,  9.16018E-03,  8.78592E-03,  8.42312E-03,  8.07246E-03,  7.73443E-03,  7.40929E-03,  7.09718E-03,  6.79807E-03,  6.51181E-03,
  6.14430E-03,  6.56249E-03,  7.01308E-03,  7.49855E-03,  8.02148E-03,  8.58445E-03,  9.19000E-03,  9.84048E-03,  1.05379E-02,  1.12838E-02,  1.20787E-02,  1.29219E-02,  1.38109E-02,  1.47407E-02,  1.57030E-02,  1.66854E-02,  1.76705E-02,  1.86350E-02,  1.95496E-02,  2.03793E-02,  2.10850E-02,  2.16263E-02,  2.19659E-02,  2.20750E-02,  2.19383E-02,  2.15584E-02,  2.09583E-02,  2.01812E-02,  1.92891E-02,  1.83591E-02,  1.74800E-02,  1.67457E-02,  1.62438E-02,  1.60327E-02,  1.61071E-02,  1.63705E-02,  1.66709E-02,  1.69402E-02,  1.73355E-02,  1.81917E-02,  1.98035E-02,  2.22439E-02,  2.53186E-02,  2.86258E-02,  3.16758E-02,  3.40308E-02,  3.54186E-02,  3.57786E-02,  3.52308E-02,  3.40015E-02,  3.23441E-02,  3.04823E-02,  2.85835E-02,  2.67559E-02,  2.50588E-02,  2.35172E-02,  2.21352E-02,  2.09059E-02,  1.98173E-02,  1.88553E-02,  1.80055E-02,  1.72534E-02,  1.65847E-02,  1.59858E-02,  1.54434E-02,  1.49455E-02,  1.44810E-02,  1.40408E-02,  1.36171E-02,  1.32042E-02,  1.27978E-02,  1.23950E-02,  1.19945E-02,  1.15956E-02,  1.11986E-02,  1.08044E-02,  1.04140E-02,  1.00287E-02,  9.64973E-03,  9.27831E-03,  8.91554E-03,  8.56237E-03,  8.21956E-03,  7.88770E-03,  7.56721E-03,  7.25837E-03,  6.96130E-03,  6.67603E-03,  6.40246E-03,
  6.04629E-03,  6.44287E-03,  6.86834E-03,  7.32461E-03,  7.81361E-03,  8.33717E-03,  8.89698E-03,  9.49446E-03,  1.01306E-02,  1.08057E-02,  1.15192E-02,  1.22693E-02,  1.30526E-02,  1.38633E-02,  1.46933E-02,  1.55310E-02,  1.63612E-02,  1.71647E-02,  1.79186E-02,  1.85966E-02,  1.91709E-02,  1.96141E-02,  1.99025E-02,  2.00192E-02,  1.99581E-02,  1.97265E-02,  1.93464E-02,  1.88553E-02,  1.83048E-02,  1.77584E-02,  1.72881E-02,  1.69683E-02,  1.68664E-02,  1.70277E-02,  1.74585E-02,  1.81204E-02,  1.89591E-02,  1.99706E-02,  2.12521E-02,  2.29657E-02,  2.52263E-02,  2.79951E-02,  3.10431E-02,  3.39946E-02,  3.64310E-02,  3.80181E-02,  3.85990E-02,  3.82126E-02,  3.70406E-02,  3.53266E-02,  3.33090E-02,  3.11818E-02,  2.90837E-02,  2.71007E-02,  2.52785E-02,  2.36340E-02,  2.21666E-02,  2.08661E-02,  1.97176E-02,  1.87045E-02,  1.78104E-02,  1.70191E-02,  1.63155E-02,  1.56855E-02,  1.51159E-02,  1.45948E-02,  1.41120E-02,  1.36582E-02,  1.32262E-02,  1.28100E-02,  1.24051E-02,  1.20083E-02,  1.16175E-02,  1.12317E-02,  1.08504E-02,  1.04738E-02,  1.01023E-02,  9.73658E-03,  9.37752E-03,  9.02593E-03,  8.68259E-03,  8.34821E-03,  8.02338E-03,  7.70856E-03,  7.40412E-03,  7.11029E-03,  6.82719E-03,  6.55486E-03,  6.29325E-03,
  5.94169E-03,  6.31712E-03,  6.71821E-03,  7.14640E-03,  7.60307E-03,  8.08946E-03,  8.60659E-03,  9.15516E-03,  9.73540E-03,  1.03469E-02,  1.09883E-02,  1.16573E-02,  1.23499E-02,  1.30606E-02,  1.37815E-02,  1.45027E-02,  1.52112E-02,  1.58918E-02,  1.65268E-02,  1.70970E-02,  1.75829E-02,  1.79663E-02,  1.82326E-02,  1.83734E-02,  1.83884E-02,  1.82876E-02,  1.80924E-02,  1.78359E-02,  1.75619E-02,  1.73234E-02,  1.71800E-02,  1.71927E-02,  1.74178E-02,  1.78983E-02,  1.86572E-02,  1.96993E-02,  2.10284E-02,  2.26745E-02,  2.47056E-02,  2.71964E-02,  3.01586E-02,  3.34675E-02,  3.68282E-02,  3.98108E-02,  4.19655E-02,  4.29796E-02,  4.27872E-02,  4.15595E-02,  3.95981E-02,  3.72180E-02,  3.46768E-02,  3.21551E-02,  2.97643E-02,  2.75637E-02,  2.55772E-02,  2.38063E-02,  2.22398E-02,  2.08601E-02,  1.96471E-02,  1.85807E-02,  1.76414E-02,  1.68113E-02,  1.60741E-02,  1.54148E-02,  1.48201E-02,  1.42782E-02,  1.37786E-02,  1.33126E-02,  1.28727E-02,  1.24529E-02,  1.20486E-02,  1.16562E-02,  1.12732E-02,  1.08980E-02,  1.05296E-02,  1.01676E-02,  9.81210E-03,  9.46324E-03,  9.12144E-03,  8.78720E-03,  8.46101E-03,  8.14337E-03,  7.83469E-03,  7.53532E-03,  7.24553E-03,  6.96550E-03,  6.69534E-03,  6.43508E-03,  6.18467E-03,
  5.83221E-03,  6.18718E-03,  6.56487E-03,  6.96634E-03,  7.39252E-03,  7.84420E-03,  8.32189E-03,  8.82578E-03,  9.35558E-03,  9.91037E-03,  1.04885E-02,  1.10872E-02,  1.17028E-02,  1.23298E-02,  1.29615E-02,  1.35892E-02,  1.42025E-02,  1.47895E-02,  1.53369E-02,  1.58309E-02,  1.62582E-02,  1.66073E-02,  1.68700E-02,  1.70433E-02,  1.71309E-02,  1.71446E-02,  1.71049E-02,  1.70415E-02,  1.69925E-02,  1.70034E-02,  1.71252E-02,  1.74109E-02,  1.79121E-02,  1.86749E-02,  1.97382E-02,  2.11369E-02,  2.29102E-02,  2.51116E-02,  2.78037E-02,  3.10289E-02,  3.47517E-02,  3.87884E-02,  4.27573E-02,  4.61008E-02,  4.82336E-02,  4.87861E-02,  4.77787E-02,  4.55721E-02,  4.26557E-02,  3.94586E-02,  3.62748E-02,  3.32724E-02,  3.05308E-02,  2.80759E-02,  2.59036E-02,  2.39949E-02,  2.23240E-02,  2.08634E-02,  1.95864E-02,  1.84679E-02,  1.74856E-02,  1.66192E-02,  1.58510E-02,  1.51653E-02,  1.45483E-02,  1.39879E-02,  1.34738E-02,  1.29969E-02,  1.25500E-02,  1.21269E-02,  1.17227E-02,  1.13336E-02,  1.09569E-02,  1.05904E-02,  1.02328E-02,  9.88329E-03,  9.54143E-03,  9.20708E-03,  8.88031E-03,  8.56130E-03,  8.25030E-03,  7.94759E-03,  7.65343E-03,  7.36805E-03,  7.09163E-03,  6.82428E-03,  6.56609E-03,  6.31705E-03,  6.07714E-03,
  5.71938E-03,  6.05473E-03,  6.41016E-03,  6.78642E-03,  7.18411E-03,  7.60365E-03,  8.04520E-03,  8.50859E-03,  8.99319E-03,  9.49784E-03,  1.00207E-02,  1.05591E-02,  1.11093E-02,  1.16668E-02,  1.22256E-02,  1.27786E-02,  1.33175E-02,  1.38334E-02,  1.43164E-02,  1.47569E-02,  1.51463E-02,  1.54778E-02,  1.57477E-02,  1.59569E-02,  1.61114E-02,  1.62241E-02,  1.63146E-02,  1.64100E-02,  1.65443E-02,  1.67576E-02,  1.70954E-02,  1.76061E-02,  1.83401E-02,  1.93481E-02,  2.06815E-02,  2.23959E-02,  2.45550E-02,  2.72324E-02,  3.05027E-02,  3.44114E-02,  3.89175E-02,  4.38088E-02,  4.86137E-02,  5.25879E-02,  5.49047E-02,  5.50553E-02,  5.31571E-02,  4.98394E-02,  4.58477E-02,  4.17507E-02,  3.78757E-02,  3.43673E-02,  3.12641E-02,  2.85524E-02,  2.61967E-02,  2.41550E-02,  2.23857E-02,  2.08505E-02,  1.95152E-02,  1.83503E-02,  1.73300E-02,  1.64320E-02,  1.56372E-02,  1.49290E-02,  1.42931E-02,  1.37172E-02,  1.31908E-02,  1.27049E-02,  1.22521E-02,  1.18262E-02,  1.14222E-02,  1.10360E-02,  1.06645E-02,  1.03054E-02,  9.95704E-03,  9.61822E-03,  9.28819E-03,  8.96648E-03,  8.65288E-03,  8.34731E-03,  8.04981E-03,  7.76047E-03,  7.47939E-03,  7.20670E-03,  6.94248E-03,  6.68678E-03,  6.43964E-03,  6.20105E-03,  5.97094E-03,
  5.60452E-03,  5.92119E-03,  6.25561E-03,  6.60826E-03,  6.97951E-03,  7.36950E-03,  7.77815E-03,  8.20505E-03,  8.64940E-03,  9.10993E-03,  9.58478E-03,  1.00714E-02,  1.05667E-02,  1.10664E-02,  1.15658E-02,  1.20591E-02,  1.25400E-02,  1.30017E-02,  1.34374E-02,  1.38407E-02,  1.42062E-02,  1.45308E-02,  1.48138E-02,  1.50585E-02,  1.52728E-02,  1.54698E-02,  1.56684E-02,  1.58936E-02,  1.61761E-02,  1.65525E-02,  1.70642E-02,  1.77572E-02,  1.86816E-02,  1.98918E-02,  2.14480E-02,  2.34194E-02,  2.58866E-02,  2.89414E-02,  3.26772E-02,  3.71612E-02,  4.23739E-02,  4.81051E-02,  5.38124E-02,  5.85460E-02,  6.11671E-02,  6.09618E-02,  5.81579E-02,  5.37151E-02,  4.86693E-02,  4.37221E-02,  3.92146E-02,  3.52552E-02,  3.18363E-02,  2.89044E-02,  2.63940E-02,  2.42419E-02,  2.23920E-02,  2.07964E-02,  1.94147E-02,  1.82129E-02,  1.71626E-02,  1.62397E-02,  1.54240E-02,  1.46981E-02,  1.40474E-02,  1.34594E-02,  1.29236E-02,  1.24309E-02,  1.19738E-02,  1.15460E-02,  1.11425E-02,  1.07590E-02,  1.03922E-02,  1.00397E-02,  9.69946E-03,  9.37002E-03,  9.05037E-03,  8.73980E-03,  8.43785E-03,  8.14424E-03,  7.85881E-03,  7.58149E-03,  7.31225E-03,  7.05109E-03,  6.79803E-03,  6.55305E-03,  6.31614E-03,  6.08725E-03,  5.86631E-03,
  5.48873E-03,  5.78775E-03,  6.10245E-03,  6.43315E-03,  6.78000E-03,  7.14297E-03,  7.52182E-03,  7.91601E-03,  8.32467E-03,  8.74651E-03,  9.17981E-03,  9.62230E-03,  1.00712E-02,  1.05230E-02,  1.09740E-02,  1.14195E-02,  1.18550E-02,  1.22755E-02,  1.26764E-02,  1.30537E-02,  1.34048E-02,  1.37287E-02,  1.40272E-02,  1.43051E-02,  1.45711E-02,  1.48386E-02,  1.51256E-02,  1.54551E-02,  1.58556E-02,  1.63606E-02,  1.70086E-02,  1.78436E-02,  1.89148E-02,  2.02785E-02,  2.19996E-02,  2.41542E-02,  2.68326E-02,  3.01380E-02,  3.41791E-02,  3.90436E-02,  4.47380E-02,  5.10683E-02,  5.74556E-02,  6.27946E-02,  6.56763E-02,  6.51952E-02,  6.16754E-02,  5.63667E-02,  5.05380E-02,  4.49800E-02,  4.00304E-02,  3.57621E-02,  3.21305E-02,  2.90521E-02,  2.64400E-02,  2.42160E-02,  2.23142E-02,  2.06799E-02,  1.92683E-02,  1.80427E-02,  1.69728E-02,  1.60335E-02,  1.52037E-02,  1.44659E-02,  1.38052E-02,  1.32091E-02,  1.26669E-02,  1.21698E-02,  1.17102E-02,  1.12818E-02,  1.08795E-02,  1.04990E-02,  1.01368E-02,  9.79038E-03,  9.45746E-03,  9.13644E-03,  8.82608E-03,  8.52548E-03,  8.23397E-03,  7.95109E-03,  7.67654E-03,  7.41009E-03,  7.15160E-03,  6.90098E-03,  6.65815E-03,  6.42305E-03,  6.19560E-03,  5.97574E-03,  5.76339E-03,
  5.37294E-03,  5.65537E-03,  5.95168E-03,  6.26204E-03,  6.58648E-03,  6.92486E-03,  7.27682E-03,  7.64179E-03,  8.01888E-03,  8.40689E-03,  8.80426E-03,  9.20904E-03,  9.61886E-03,  1.00310E-02,  1.04423E-02,  1.08496E-02,  1.12493E-02,  1.16381E-02,  1.20132E-02,  1.23724E-02,  1.27150E-02,  1.30416E-02,  1.33555E-02,  1.36627E-02,  1.39722E-02,  1.42972E-02,  1.46546E-02,  1.50662E-02,  1.55579E-02,  1.61606E-02,  1.69103E-02,  1.78483E-02,  1.90224E-02,  2.04879E-02,  2.23097E-02,  2.45649E-02,  2.73444E-02,  3.07526E-02,  3.48991E-02,  3.98745E-02,  4.56909E-02,  5.21595E-02,  5.86950E-02,  6.41533E-02,  6.70526E-02,  6.64348E-02,  6.26576E-02,  5.70591E-02,  5.09755E-02,  4.52205E-02,  4.01287E-02,  3.57614E-02,  3.20620E-02,  2.89377E-02,  2.62942E-02,  2.40484E-02,  2.21309E-02,  2.04846E-02,  1.90634E-02,  1.78295E-02,  1.67522E-02,  1.58061E-02,  1.49702E-02,  1.42268E-02,  1.35614E-02,  1.29613E-02,  1.24163E-02,  1.19174E-02,  1.14573E-02,  1.10298E-02,  1.06297E-02,  1.02527E-02,  9.89528E-03,  9.55470E-03,  9.22869E-03,  8.91544E-03,  8.61358E-03,  8.32203E-03,  8.04000E-03,  7.76688E-03,  7.50221E-03,  7.24567E-03,  6.99701E-03,  6.75606E-03,  6.52265E-03,  6.29668E-03,  6.07802E-03,  5.86658E-03,  5.66225E-03,
  5.25792E-03,  5.52482E-03,  5.80403E-03,  6.09564E-03,  6.39957E-03,  6.71562E-03,  7.04339E-03,  7.38230E-03,  7.73152E-03,  8.08996E-03,  8.45628E-03,  8.82882E-03,  9.20568E-03,  9.58470E-03,  9.96353E-03,  1.03398E-02,  1.07111E-02,  1.10753E-02,  1.14310E-02,  1.17774E-02,  1.21148E-02,  1.24455E-02,  1.27734E-02,  1.31050E-02,  1.34496E-02,  1.38199E-02,  1.42318E-02,  1.47052E-02,  1.52642E-02,  1.59369E-02,  1.67564E-02,  1.77610E-02,  1.89953E-02,  2.05110E-02,  2.23692E-02,  2.46415E-02,  2.74113E-02,  3.07715E-02,  3.48161E-02,  3.96145E-02,  4.51551E-02,  5.12334E-02,  5.72839E-02,  6.22613E-02,  6.48618E-02,  6.42627E-02,  6.07736E-02,  5.55617E-02,  4.98291E-02,  4.43425E-02,  3.94407E-02,  3.52046E-02,  3.15959E-02,  2.85352E-02,  2.59371E-02,  2.37240E-02,  2.18302E-02,  2.02011E-02,  1.87921E-02,  1.75667E-02,  1.64951E-02,  1.55526E-02,  1.47188E-02,  1.39766E-02,  1.33118E-02,  1.27123E-02,  1.21680E-02,  1.16702E-02,  1.12119E-02,  1.07868E-02,  1.03900E-02,  1.00173E-02,  9.66498E-03,  9.33035E-03,  9.01103E-03,  8.70517E-03,  8.41125E-03,  8.12810E-03,  7.85481E-03,  7.59064E-03,  7.33506E-03,  7.08763E-03,  6.84802E-03,  6.61598E-03,  6.39129E-03,  6.17379E-03,  5.96332E-03,  5.75975E-03,  5.56295E-03,
  5.14427E-03,  5.39667E-03,  5.66005E-03,  5.93441E-03,  6.21961E-03,  6.51543E-03,  6.82147E-03,  7.13717E-03,  7.46178E-03,  7.79437E-03,  8.13379E-03,  8.47872E-03,  8.82764E-03,  9.17892E-03,  9.53086E-03,  9.88180E-03,  1.02303E-02,  1.05751E-02,  1.09157E-02,  1.12525E-02,  1.15867E-02,  1.19211E-02,  1.22605E-02,  1.26114E-02,  1.29831E-02,  1.33874E-02,  1.38392E-02,  1.43567E-02,  1.49616E-02,  1.56795E-02,  1.65401E-02,  1.75780E-02,  1.88332E-02,  2.03517E-02,  2.21874E-02,  2.44016E-02,  2.70634E-02,  3.02453E-02,  3.40127E-02,  3.83985E-02,  4.33519E-02,  4.86487E-02,  5.37768E-02,  5.78861E-02,  5.99951E-02,  5.95122E-02,  5.66573E-02,  5.22872E-02,  4.73424E-02,  4.24815E-02,  3.80392E-02,  3.41295E-02,  3.07508E-02,  2.78530E-02,  2.53714E-02,  2.32427E-02,  2.14106E-02,  1.98270E-02,  1.84518E-02,  1.72515E-02,  1.61986E-02,  1.52700E-02,  1.44467E-02,  1.37124E-02,  1.30536E-02,  1.24591E-02,  1.19191E-02,  1.14253E-02,  1.09710E-02,  1.05502E-02,  1.01580E-02,  9.79036E-03,  9.44373E-03,  9.11528E-03,  8.80267E-03,  8.50399E-03,  8.21766E-03,  7.94243E-03,  7.67731E-03,  7.42150E-03,  7.17435E-03,  6.93537E-03,  6.70416E-03,  6.48040E-03,  6.26382E-03,  6.05422E-03,  5.85140E-03,  5.65520E-03,  5.46547E-03,
  5.03245E-03,  5.27138E-03,  5.52012E-03,  5.77863E-03,  6.04676E-03,  6.32427E-03,  6.61079E-03,  6.90580E-03,  7.20867E-03,  7.51860E-03,  7.83467E-03,  8.15583E-03,  8.48093E-03,  8.80879E-03,  9.13824E-03,  9.46824E-03,  9.79798E-03,  1.01270E-02,  1.04556E-02,  1.07846E-02,  1.11161E-02,  1.14533E-02,  1.18011E-02,  1.21661E-02,  1.25571E-02,  1.29852E-02,  1.34639E-02,  1.40097E-02,  1.46419E-02,  1.53833E-02,  1.62601E-02,  1.73023E-02,  1.85443E-02,  2.00254E-02,  2.17896E-02,  2.38857E-02,  2.63646E-02,  2.92747E-02,  3.26495E-02,  3.64841E-02,  4.06940E-02,  4.50533E-02,  4.91335E-02,  5.23064E-02,  5.39096E-02,  5.35638E-02,  5.14069E-02,  4.79983E-02,  4.40010E-02,  3.99330E-02,  3.61003E-02,  3.26406E-02,  2.95890E-02,  2.69282E-02,  2.46194E-02,  2.26178E-02,  2.08799E-02,  1.93667E-02,  1.80446E-02,  1.68846E-02,  1.58625E-02,  1.49575E-02,  1.41524E-02,  1.34324E-02,  1.27850E-02,  1.21997E-02,  1.16675E-02,  1.11806E-02,  1.07326E-02,  1.03178E-02,  9.93160E-03,  9.57001E-03,  9.22967E-03,  8.90778E-03,  8.60202E-03,  8.31047E-03,  8.03153E-03,  7.76391E-03,  7.50656E-03,  7.25861E-03,  7.01939E-03,  6.78833E-03,  6.56497E-03,  6.34895E-03,  6.13997E-03,  5.93777E-03,  5.74213E-03,  5.55286E-03,  5.36980E-03,
  4.92281E-03,  5.14922E-03,  5.38445E-03,  5.62843E-03,  5.88101E-03,  6.14195E-03,  6.41091E-03,  6.68746E-03,  6.97107E-03,  7.26108E-03,  7.55677E-03,  7.85736E-03,  8.16200E-03,  8.46989E-03,  8.78030E-03,  9.09266E-03,  9.40669E-03,  9.72252E-03,  1.00408E-02,  1.03631E-02,  1.06916E-02,  1.10299E-02,  1.13829E-02,  1.17569E-02,  1.21602E-02,  1.26028E-02,  1.30971E-02,  1.36575E-02,  1.43012E-02,  1.50477E-02,  1.59195E-02,  1.69420E-02,  1.81436E-02,  1.95558E-02,  2.12124E-02,  2.31488E-02,  2.53980E-02,  2.79855E-02,  3.09173E-02,  3.41604E-02,  3.76136E-02,  4.10719E-02,  4.42019E-02,  4.65689E-02,  4.77519E-02,  4.75216E-02,  4.59585E-02,  4.34062E-02,  4.03025E-02,  3.70272E-02,  3.38373E-02,  3.08742E-02,  2.81972E-02,  2.58166E-02,  2.37171E-02,  2.18725E-02,  2.02530E-02,  1.88300E-02,  1.75768E-02,  1.64699E-02,  1.54889E-02,  1.46160E-02,  1.38362E-02,  1.31363E-02,  1.25051E-02,  1.19331E-02,  1.14119E-02,  1.09346E-02,  1.04950E-02,  1.00880E-02,  9.70911E-03,  9.35460E-03,  9.02126E-03,  8.70639E-03,  8.40773E-03,  8.12338E-03,  7.85175E-03,  7.59154E-03,  7.34167E-03,  7.10125E-03,  6.86955E-03,  6.64597E-03,  6.43002E-03,  6.22130E-03,  6.01946E-03,  5.82423E-03,  5.63536E-03,  5.45264E-03,  5.27589E-03,
  4.81560E-03,  5.03040E-03,  5.25317E-03,  5.48382E-03,  5.72221E-03,  5.96814E-03,  6.22130E-03,  6.48134E-03,  6.74782E-03,  7.02025E-03,  7.29806E-03,  7.58069E-03,  7.86759E-03,  8.15824E-03,  8.45226E-03,  8.74947E-03,  9.04997E-03,  9.35428E-03,  9.66343E-03,  9.97915E-03,  1.03040E-02,  1.06415E-02,  1.09964E-02,  1.13747E-02,  1.17839E-02,  1.22330E-02,  1.27331E-02,  1.32966E-02,  1.39384E-02,  1.46749E-02,  1.55250E-02,  1.65092E-02,  1.76501E-02,  1.89715E-02,  2.04976E-02,  2.22512E-02,  2.42502E-02,  2.65018E-02,  2.89927E-02,  3.16748E-02,  3.44471E-02,  3.71380E-02,  3.95019E-02,  4.12487E-02,  4.21172E-02,  4.19704E-02,  4.08546E-02,  3.89759E-02,  3.66147E-02,  3.40365E-02,  3.14433E-02,  2.89637E-02,  2.66667E-02,  2.45800E-02,  2.27065E-02,  2.10355E-02,  1.95499E-02,  1.82302E-02,  1.70575E-02,  1.60135E-02,  1.50819E-02,  1.42482E-02,  1.34996E-02,  1.28248E-02,  1.22140E-02,  1.16587E-02,  1.11516E-02,  1.06863E-02,  1.02572E-02,  9.85959E-03,  9.48932E-03,  9.14289E-03,  8.81729E-03,  8.50995E-03,  8.21869E-03,  7.94169E-03,  7.67738E-03,  7.42448E-03,  7.18190E-03,  6.94874E-03,  6.72425E-03,  6.50781E-03,  6.29891E-03,  6.09711E-03,  5.90204E-03,  5.71341E-03,  5.53095E-03,  5.35444E-03,  5.18366E-03,
  4.71099E-03,  4.91502E-03,  5.12629E-03,  5.34471E-03,  5.57016E-03,  5.80246E-03,  6.04136E-03,  6.28658E-03,  6.53777E-03,  6.79457E-03,  7.05658E-03,  7.32342E-03,  7.59475E-03,  7.87032E-03,  8.15000E-03,  8.43389E-03,  8.72239E-03,  9.01627E-03,  9.31679E-03,  9.62581E-03,  9.94595E-03,  1.02807E-02,  1.06344E-02,  1.10126E-02,  1.14221E-02,  1.18710E-02,  1.23686E-02,  1.29259E-02,  1.35551E-02,  1.42700E-02,  1.50856E-02,  1.60183E-02,  1.70848E-02,  1.83023E-02,  1.96866E-02,  2.12503E-02,  2.29995E-02,  2.49288E-02,  2.70142E-02,  2.92032E-02,  3.14053E-02,  3.34851E-02,  3.52674E-02,  3.65610E-02,  3.72039E-02,  3.71135E-02,  3.63164E-02,  3.49365E-02,  3.31517E-02,  3.11435E-02,  2.90631E-02,  2.70188E-02,  2.50781E-02,  2.32769E-02,  2.16297E-02,  2.01370E-02,  1.87918E-02,  1.75829E-02,  1.64977E-02,  1.55232E-02,  1.46471E-02,  1.38579E-02,  1.31451E-02,  1.24994E-02,  1.19125E-02,  1.13770E-02,  1.08866E-02,  1.04354E-02,  1.00186E-02,  9.63183E-03,  9.27136E-03,  8.93395E-03,  8.61680E-03,  8.31750E-03,  8.03400E-03,  7.76453E-03,  7.50761E-03,  7.26198E-03,  7.02658E-03,  6.80049E-03,  6.58298E-03,  6.37342E-03,  6.17126E-03,  5.97606E-03,  5.78746E-03,  5.60511E-03,  5.42875E-03,  5.25814E-03,  5.09306E-03,
  4.60908E-03,  4.80311E-03,  5.00376E-03,  5.21095E-03,  5.42457E-03,  5.64446E-03,  5.87045E-03,  6.10231E-03,  6.33978E-03,  6.58261E-03,  6.83054E-03,  7.08335E-03,  7.34087E-03,  7.60303E-03,  7.86993E-03,  8.14186E-03,  8.41942E-03,  8.70353E-03,  8.99557E-03,  9.29747E-03,  9.61176E-03,  9.94171E-03,  1.02914E-02,  1.06659E-02,  1.10710E-02,  1.15139E-02,  1.20025E-02,  1.25459E-02,  1.31544E-02,  1.38389E-02,  1.46113E-02,  1.54838E-02,  1.64684E-02,  1.75766E-02,  1.88172E-02,  2.01953E-02,  2.17091E-02,  2.33457E-02,  2.50767E-02,  2.68523E-02,  2.85964E-02,  3.02062E-02,  3.15584E-02,  3.25270E-02,  3.30100E-02,  3.29565E-02,  3.23819E-02,  3.13619E-02,  3.00099E-02,  2.84491E-02,  2.67896E-02,  2.51180E-02,  2.34944E-02,  2.19563E-02,  2.05238E-02,  1.92050E-02,  1.79997E-02,  1.69035E-02,  1.59089E-02,  1.50075E-02,  1.41905E-02,  1.34493E-02,  1.27758E-02,  1.21623E-02,  1.16020E-02,  1.10888E-02,  1.06170E-02,  1.01818E-02,  9.77887E-03,  9.40427E-03,  9.05467E-03,  8.72714E-03,  8.41910E-03,  8.12833E-03,  7.85292E-03,  7.59122E-03,  7.34179E-03,  7.10345E-03,  6.87515E-03,  6.65601E-03,  6.44530E-03,  6.24239E-03,  6.04674E-03,  5.85789E-03,  5.67547E-03,  5.49914E-03,  5.32861E-03,  5.16364E-03,  5.00401E-03,
  4.50989E-03,  4.69465E-03,  4.88548E-03,  5.08233E-03,  5.28510E-03,  5.49368E-03,  5.70793E-03,  5.92768E-03,  6.15277E-03,  6.38302E-03,  6.61830E-03,  6.85850E-03,  7.10360E-03,  7.35369E-03,  7.60898E-03,  7.86994E-03,  8.13726E-03,  8.41197E-03,  8.69548E-03,  8.98967E-03,  9.29696E-03,  9.62037E-03,  9.96359E-03,  1.03310E-02,  1.07279E-02,  1.11602E-02,  1.16345E-02,  1.21585E-02,  1.27403E-02,  1.33886E-02,  1.41122E-02,  1.49199E-02,  1.58199E-02,  1.68189E-02,  1.79209E-02,  1.91255E-02,  2.04260E-02,  2.18062E-02,  2.32376E-02,  2.46761E-02,  2.60608E-02,  2.73146E-02,  2.83513E-02,  2.90869E-02,  2.94560E-02,  2.94263E-02,  2.90067E-02,  2.82446E-02,  2.72134E-02,  2.59964E-02,  2.46734E-02,  2.33110E-02,  2.19601E-02,  2.06555E-02,  1.94194E-02,  1.82635E-02,  1.71926E-02,  1.62065E-02,  1.53023E-02,  1.44749E-02,  1.37187E-02,  1.30275E-02,  1.23952E-02,  1.18160E-02,  1.12843E-02,  1.07951E-02,  1.03437E-02,  9.92598E-03,  9.53811E-03,  9.17677E-03,  8.83895E-03,  8.52203E-03,  8.22370E-03,  7.94192E-03,  7.67493E-03,  7.42120E-03,  7.17939E-03,  6.94837E-03,  6.72714E-03,  6.51486E-03,  6.31082E-03,  6.11439E-03,  5.92505E-03,  5.74234E-03,  5.56588E-03,  5.39533E-03,  5.23040E-03,  5.07084E-03,  4.91643E-03,
  4.41343E-03,  4.58957E-03,  4.77131E-03,  4.95862E-03,  5.15142E-03,  5.34963E-03,  5.55315E-03,  5.76188E-03,  5.97572E-03,  6.19456E-03,  6.41837E-03,  6.64713E-03,  6.88094E-03,  7.11996E-03,  7.36456E-03,  7.61525E-03,  7.87280E-03,  8.13827E-03,  8.41305E-03,  8.69893E-03,  8.99815E-03,  9.31345E-03,  9.64809E-03,  1.00059E-02,  1.03914E-02,  1.08095E-02,  1.12658E-02,  1.17663E-02,  1.23174E-02,  1.29257E-02,  1.35977E-02,  1.43394E-02,  1.51557E-02,  1.60500E-02,  1.70225E-02,  1.80697E-02,  1.91823E-02,  2.03433E-02,  2.15265E-02,  2.26946E-02,  2.37998E-02,  2.47851E-02,  2.55898E-02,  2.61571E-02,  2.64440E-02,  2.64295E-02,  2.61188E-02,  2.55423E-02,  2.47481E-02,  2.37934E-02,  2.27354E-02,  2.16249E-02,  2.05030E-02,  1.94007E-02,  1.83392E-02,  1.73319E-02,  1.63861E-02,  1.55049E-02,  1.46880E-02,  1.39334E-02,  1.32378E-02,  1.25971E-02,  1.20071E-02,  1.14632E-02,  1.09614E-02,  1.04974E-02,  1.00676E-02,  9.66841E-03,  9.29663E-03,  8.94940E-03,  8.62410E-03,  8.31842E-03,  8.03029E-03,  7.75789E-03,  7.49962E-03,  7.25406E-03,  7.01999E-03,  6.79633E-03,  6.58217E-03,  6.37670E-03,  6.17922E-03,  5.98914E-03,  5.80594E-03,  5.62919E-03,  5.45849E-03,  5.29352E-03,  5.13399E-03,  4.97964E-03,  4.83025E-03,
  4.31966E-03,  4.48777E-03,  4.66108E-03,  4.83956E-03,  5.02317E-03,  5.21184E-03,  5.40552E-03,  5.60416E-03,  5.80770E-03,  6.01611E-03,  6.22942E-03,  6.44770E-03,  6.67109E-03,  6.89988E-03,  7.13445E-03,  7.37538E-03,  7.62347E-03,  7.87975E-03,  8.14556E-03,  8.42255E-03,  8.71276E-03,  9.01861E-03,  9.34296E-03,  9.68911E-03,  1.00608E-02,  1.04621E-02,  1.08976E-02,  1.13719E-02,  1.18900E-02,  1.24567E-02,  1.30765E-02,  1.37531E-02,  1.44892E-02,  1.52856E-02,  1.61403E-02,  1.70479E-02,  1.79980E-02,  1.89746E-02,  1.99545E-02,  2.09073E-02,  2.17958E-02,  2.25779E-02,  2.32106E-02,  2.36548E-02,  2.38815E-02,  2.38766E-02,  2.36434E-02,  2.32015E-02,  2.25833E-02,  2.18284E-02,  2.09780E-02,  2.00705E-02,  1.91386E-02,  1.82084E-02,  1.72992E-02,  1.64246E-02,  1.55930E-02,  1.48091E-02,  1.40749E-02,  1.33902E-02,  1.27536E-02,  1.21628E-02,  1.16149E-02,  1.11068E-02,  1.06354E-02,  1.01974E-02,  9.78983E-03,  9.40989E-03,  9.05490E-03,  8.72242E-03,  8.41020E-03,  8.11624E-03,  7.83873E-03,  7.57603E-03,  7.32672E-03,  7.08951E-03,  6.86328E-03,  6.64704E-03,  6.43994E-03,  6.24122E-03,  6.05022E-03,  5.86637E-03,  5.68919E-03,  5.51824E-03,  5.35314E-03,  5.19358E-03,  5.03926E-03,  4.88994E-03,  4.74540E-03,
  4.22853E-03,  4.38915E-03,  4.55461E-03,  4.72490E-03,  4.89999E-03,  5.07985E-03,  5.26446E-03,  5.45380E-03,  5.64786E-03,  5.84666E-03,  6.05028E-03,  6.25884E-03,  6.47256E-03,  6.69173E-03,  6.91680E-03,  7.14836E-03,  7.38718E-03,  7.63426E-03,  7.89084E-03,  8.15843E-03,  8.43884E-03,  8.73418E-03,  9.04692E-03,  9.37983E-03,  9.73598E-03,  1.01187E-02,  1.05316E-02,  1.09782E-02,  1.14623E-02,  1.19871E-02,  1.25557E-02,  1.31700E-02,  1.38310E-02,  1.45378E-02,  1.52871E-02,  1.60725E-02,  1.68840E-02,  1.77068E-02,  1.85213E-02,  1.93030E-02,  2.00232E-02,  2.06506E-02,  2.11544E-02,  2.15072E-02,  2.16891E-02,  2.16903E-02,  2.15128E-02,  2.11698E-02,  2.06833E-02,  2.00813E-02,  1.93934E-02,  1.86487E-02,  1.78729E-02,  1.70876E-02,  1.63097E-02,  1.55517E-02,  1.48225E-02,  1.41275E-02,  1.34701E-02,  1.28514E-02,  1.22712E-02,  1.17287E-02,  1.12221E-02,  1.07494E-02,  1.03083E-02,  9.89648E-03,  9.51157E-03,  9.15131E-03,  8.81353E-03,  8.49621E-03,  8.19747E-03,  7.91558E-03,  7.64897E-03,  7.39623E-03,  7.15606E-03,  6.92733E-03,  6.70903E-03,  6.50025E-03,  6.30020E-03,  6.10819E-03,  5.92360E-03,  5.74590E-03,  5.57461E-03,  5.40933E-03,  5.24969E-03,  5.09538E-03,  4.94612E-03,  4.80168E-03,  4.66183E-03,
  4.13994E-03,  4.29355E-03,  4.45170E-03,  4.61436E-03,  4.78154E-03,  4.95324E-03,  5.12944E-03,  5.31016E-03,  5.49543E-03,  5.68532E-03,  5.87992E-03,  6.07941E-03,  6.28402E-03,  6.49409E-03,  6.71007E-03,  6.93253E-03,  7.16223E-03,  7.40008E-03,  7.64722E-03,  7.90499E-03,  8.17498E-03,  8.45901E-03,  8.75916E-03,  9.07772E-03,  9.41719E-03,  9.78024E-03,  1.01696E-02,  1.05880E-02,  1.10380E-02,  1.15218E-02,  1.20412E-02,  1.25970E-02,  1.31888E-02,  1.38148E-02,  1.44710E-02,  1.51509E-02,  1.58449E-02,  1.65402E-02,  1.72204E-02,  1.78659E-02,  1.84546E-02,  1.89632E-02,  1.93692E-02,  1.96532E-02,  1.98011E-02,  1.98062E-02,  1.96694E-02,  1.93999E-02,  1.90131E-02,  1.85286E-02,  1.79683E-02,  1.73542E-02,  1.67062E-02,  1.60420E-02,  1.53761E-02,  1.47197E-02,  1.40812E-02,  1.34665E-02,  1.28793E-02,  1.23218E-02,  1.17949E-02,  1.12984E-02,  1.08317E-02,  1.03935E-02,  9.98224E-03,  9.59635E-03,  9.23404E-03,  8.89356E-03,  8.57318E-03,  8.27124E-03,  7.98621E-03,  7.71660E-03,  7.46110E-03,  7.21846E-03,  6.98756E-03,  6.76741E-03,  6.55709E-03,  6.35579E-03,  6.16279E-03,  5.97745E-03,  5.79920E-03,  5.62755E-03,  5.46205E-03,  5.30232E-03,  5.14801E-03,  4.99882E-03,  4.85449E-03,  4.71477E-03,  4.57946E-03,
  4.05381E-03,  4.20086E-03,  4.35216E-03,  4.50770E-03,  4.66751E-03,  4.83159E-03,  4.99996E-03,  5.17265E-03,  5.34973E-03,  5.53128E-03,  5.71744E-03,  5.90838E-03,  6.10438E-03,  6.30576E-03,  6.51297E-03,  6.72657E-03,  6.94725E-03,  7.17585E-03,  7.41339E-03,  7.66103E-03,  7.92016E-03,  8.19231E-03,  8.47921E-03,  8.78273E-03,  9.10486E-03,  9.44767E-03,  9.81321E-03,  1.02034E-02,  1.06201E-02,  1.10646E-02,  1.15376E-02,  1.20393E-02,  1.25683E-02,  1.31223E-02,  1.36970E-02,  1.42861E-02,  1.48811E-02,  1.54708E-02,  1.60419E-02,  1.65786E-02,  1.70640E-02,  1.74804E-02,  1.78114E-02,  1.80429E-02,  1.81647E-02,  1.81720E-02,  1.80655E-02,  1.78514E-02,  1.75406E-02,  1.71473E-02,  1.66877E-02,  1.61783E-02,  1.56349E-02,  1.50717E-02,  1.45009E-02,  1.39322E-02,  1.33734E-02,  1.28302E-02,  1.23067E-02,  1.18055E-02,  1.13281E-02,  1.08750E-02,  1.04462E-02,  1.00411E-02,  9.65892E-03,  9.29843E-03,  8.95842E-03,  8.63756E-03,  8.33454E-03,  8.04803E-03,  7.77676E-03,  7.51954E-03,  7.27522E-03,  7.04277E-03,  6.82122E-03,  6.60969E-03,  6.40737E-03,  6.21355E-03,  6.02757E-03,  5.84885E-03,  5.67689E-03,  5.51121E-03,  5.35140E-03,  5.19711E-03,  5.04801E-03,  4.90381E-03,  4.76427E-03,  4.62916E-03,  4.49827E-03,
  3.97004E-03,  4.11093E-03,  4.25580E-03,  4.40468E-03,  4.55758E-03,  4.71453E-03,  4.87557E-03,  5.04075E-03,  5.21015E-03,  5.38387E-03,  5.56205E-03,  5.74491E-03,  5.93269E-03,  6.12573E-03,  6.32446E-03,  6.52939E-03,  6.74115E-03,  6.96050E-03,  7.18833E-03,  7.42566E-03,  7.67364E-03,  7.93357E-03,  8.20684E-03,  8.49496E-03,  8.79949E-03,  9.12198E-03,  9.46393E-03,  9.82670E-03,  1.02114E-02,  1.06186E-02,  1.10486E-02,  1.15006E-02,  1.19731E-02,  1.24634E-02,  1.29671E-02,  1.34786E-02,  1.39902E-02,  1.44927E-02,  1.49748E-02,  1.54242E-02,  1.58277E-02,  1.61720E-02,  1.64447E-02,  1.66355E-02,  1.67371E-02,  1.67457E-02,  1.66619E-02,  1.64900E-02,  1.62378E-02,  1.59158E-02,  1.55361E-02,  1.51112E-02,  1.46535E-02,  1.41743E-02,  1.36839E-02,  1.31906E-02,  1.27014E-02,  1.22216E-02,  1.17554E-02,  1.13054E-02,  1.08735E-02,  1.04609E-02,  1.00678E-02,  9.69433E-03,  9.33996E-03,  9.00405E-03,  8.68578E-03,  8.38420E-03,  8.09830E-03,  7.82708E-03,  7.56953E-03,  7.32466E-03,  7.09153E-03,  6.86928E-03,  6.65708E-03,  6.45416E-03,  6.25983E-03,  6.07346E-03,  5.89446E-03,  5.72231E-03,  5.55656E-03,  5.39676E-03,  5.24256E-03,  5.09360E-03,  4.94960E-03,  4.81029E-03,  4.67542E-03,  4.54479E-03,  4.41819E-03,
  3.88854E-03,  4.02362E-03,  4.16244E-03,  4.30505E-03,  4.45147E-03,  4.60173E-03,  4.75588E-03,  4.91399E-03,  5.07615E-03,  5.24246E-03,  5.41309E-03,  5.58824E-03,  5.76816E-03,  5.95316E-03,  6.14365E-03,  6.34009E-03,  6.54305E-03,  6.75319E-03,  6.97129E-03,  7.19821E-03,  7.43491E-03,  7.68245E-03,  7.94197E-03,  8.21462E-03,  8.50160E-03,  8.80406E-03,  9.12302E-03,  9.45937E-03,  9.81367E-03,  1.01861E-02,  1.05764E-02,  1.09834E-02,  1.14055E-02,  1.18396E-02,  1.22819E-02,  1.27271E-02,  1.31686E-02,  1.35986E-02,  1.40080E-02,  1.43870E-02,  1.47251E-02,  1.50123E-02,  1.52392E-02,  1.53982E-02,  1.54837E-02,  1.54931E-02,  1.54265E-02,  1.52872E-02,  1.50808E-02,  1.48151E-02,  1.44991E-02,  1.41426E-02,  1.37551E-02,  1.33460E-02,  1.29236E-02,  1.24949E-02,  1.20662E-02,  1.16424E-02,  1.12272E-02,  1.08235E-02,  1.04333E-02,  1.00580E-02,  9.69836E-03,  9.35460E-03,  9.02671E-03,  8.71438E-03,  8.41711E-03,  8.13426E-03,  7.86512E-03,  7.60893E-03,  7.36490E-03,  7.13225E-03,  6.91024E-03,  6.69812E-03,  6.49521E-03,  6.30086E-03,  6.11448E-03,  5.93550E-03,  5.76341E-03,  5.59777E-03,  5.43814E-03,  5.28415E-03,  5.13545E-03,  4.99174E-03,  4.85273E-03,  4.71819E-03,  4.58789E-03,  4.46163E-03,  4.33922E-03,
  3.80921E-03,  3.93879E-03,  4.07192E-03,  4.20862E-03,  4.34892E-03,  4.49287E-03,  4.64052E-03,  4.79195E-03,  4.94725E-03,  5.10655E-03,  5.26998E-03,  5.43776E-03,  5.61012E-03,  5.78735E-03,  5.96982E-03,  6.15795E-03,  6.35224E-03,  6.55327E-03,  6.76167E-03,  6.97819E-03,  7.20361E-03,  7.43878E-03,  7.68459E-03,  7.94193E-03,  8.21169E-03,  8.49465E-03,  8.79151E-03,  9.10273E-03,  9.42854E-03,  9.76876E-03,  1.01227E-02,  1.04893E-02,  1.08664E-02,  1.12513E-02,  1.16404E-02,  1.20291E-02,  1.24116E-02,  1.27813E-02,  1.31310E-02,  1.34527E-02,  1.37383E-02,  1.39799E-02,  1.41705E-02,  1.43043E-02,  1.43770E-02,  1.43866E-02,  1.43334E-02,  1.42194E-02,  1.40491E-02,  1.38281E-02,  1.35634E-02,  1.32625E-02,  1.29330E-02,  1.25823E-02,  1.22173E-02,  1.18441E-02,  1.14678E-02,  1.10930E-02,  1.07232E-02,  1.03611E-02,  1.00089E-02,  9.66788E-03,  9.33915E-03,  9.02323E-03,  8.72033E-03,  8.43042E-03,  8.15326E-03,  7.88848E-03,  7.63559E-03,  7.39404E-03,  7.16326E-03,  6.94263E-03,  6.73156E-03,  6.52945E-03,  6.33573E-03,  6.14986E-03,  5.97133E-03,  5.79966E-03,  5.63442E-03,  5.47519E-03,  5.32160E-03,  5.17332E-03,  5.03003E-03,  4.89146E-03,  4.75735E-03,  4.62748E-03,  4.50164E-03,  4.37963E-03,  4.26130E-03,
  3.73194E-03,  3.85633E-03,  3.98406E-03,  4.11517E-03,  4.24969E-03,  4.38767E-03,  4.52917E-03,  4.67427E-03,  4.82306E-03,  4.97566E-03,  5.13222E-03,  5.29293E-03,  5.45801E-03,  5.62772E-03,  5.80240E-03,  5.98241E-03,  6.16818E-03,  6.36020E-03,  6.55903E-03,  6.76524E-03,  6.97949E-03,  7.20243E-03,  7.43476E-03,  7.67712E-03,  7.93015E-03,  8.19437E-03,  8.47017E-03,  8.75775E-03,  9.05703E-03,  9.36761E-03,  9.68864E-03,  1.00188E-02,  1.03561E-02,  1.06980E-02,  1.10412E-02,  1.13815E-02,  1.17142E-02,  1.20337E-02,  1.23341E-02,  1.26090E-02,  1.28519E-02,  1.30569E-02,  1.32183E-02,  1.33318E-02,  1.33942E-02,  1.34039E-02,  1.33610E-02,  1.32671E-02,  1.31254E-02,  1.29403E-02,  1.27172E-02,  1.24618E-02,  1.21802E-02,  1.18784E-02,  1.15620E-02,  1.12361E-02,  1.09053E-02,  1.05735E-02,  1.02439E-02,  9.91907E-03,  9.60107E-03,  9.29143E-03,  8.99123E-03,  8.70119E-03,  8.42172E-03,  8.15299E-03,  7.89497E-03,  7.64748E-03,  7.41024E-03,  7.18288E-03,  6.96497E-03,  6.75608E-03,  6.55572E-03,  6.36343E-03,  6.17875E-03,  6.00122E-03,  5.83044E-03,  5.66598E-03,  5.50747E-03,  5.35455E-03,  5.20691E-03,  5.06424E-03,  4.92626E-03,  4.79273E-03,  4.66342E-03,  4.53811E-03,  4.41663E-03,  4.29879E-03,  4.18444E-03,
  3.65664E-03,  3.77611E-03,  3.89873E-03,  4.02453E-03,  4.15357E-03,  4.28589E-03,  4.42154E-03,  4.56062E-03,  4.70320E-03,  4.84941E-03,  4.99939E-03,  5.15330E-03,  5.31136E-03,  5.47379E-03,  5.64089E-03,  5.81297E-03,  5.99041E-03,  6.17360E-03,  6.36300E-03,  6.55909E-03,  6.76236E-03,  6.97334E-03,  7.19252E-03,  7.42038E-03,  7.65733E-03,  7.90368E-03,  8.15960E-03,  8.42507E-03,  8.69982E-03,  8.98328E-03,  9.27451E-03,  9.57213E-03,  9.87429E-03,  1.01786E-02,  1.04820E-02,  1.07810E-02,  1.10715E-02,  1.13490E-02,  1.16085E-02,  1.18448E-02,  1.20530E-02,  1.22281E-02,  1.23660E-02,  1.24631E-02,  1.25171E-02,  1.25267E-02,  1.24919E-02,  1.24139E-02,  1.22952E-02,  1.21392E-02,  1.19499E-02,  1.17319E-02,  1.14902E-02,  1.12293E-02,  1.09542E-02,  1.06689E-02,  1.03775E-02,  1.00833E-02,  9.78917E-03,  9.49759E-03,  9.21047E-03,  8.92933E-03,  8.65530E-03,  8.38920E-03,  8.13158E-03,  7.88275E-03,  7.64283E-03,  7.41181E-03,  7.18954E-03,  6.97583E-03,  6.77037E-03,  6.57285E-03,  6.38293E-03,  6.20023E-03,  6.02439E-03,  5.85505E-03,  5.69186E-03,  5.53448E-03,  5.38258E-03,  5.23587E-03,  5.09406E-03,  4.95690E-03,  4.82413E-03,  4.69554E-03,  4.57092E-03,  4.45008E-03,  4.33285E-03,  4.21907E-03,  4.10860E-03,
  3.58323E-03,  3.69801E-03,  3.81577E-03,  3.93654E-03,  4.06037E-03,  4.18729E-03,  4.31739E-03,  4.45072E-03,  4.58738E-03,  4.72747E-03,  4.87113E-03,  5.01850E-03,  5.16978E-03,  5.32516E-03,  5.48490E-03,  5.64927E-03,  5.81856E-03,  5.99313E-03,  6.17332E-03,  6.35951E-03,  6.55210E-03,  6.75145E-03,  6.95793E-03,  7.17185E-03,  7.39346E-03,  7.62290E-03,  7.86016E-03,  8.10508E-03,  8.35725E-03,  8.61601E-03,  8.88037E-03,  9.14897E-03,  9.42006E-03,  9.69145E-03,  9.96050E-03,  1.02242E-02,  1.04789E-02,  1.07210E-02,  1.09463E-02,  1.11508E-02,  1.13303E-02,  1.14810E-02,  1.15996E-02,  1.16834E-02,  1.17305E-02,  1.17398E-02,  1.17115E-02,  1.16463E-02,  1.15463E-02,  1.14139E-02,  1.12524E-02,  1.10654E-02,  1.08568E-02,  1.06305E-02,  1.03904E-02,  1.01400E-02,  9.88262E-03,  9.62129E-03,  9.35855E-03,  9.09659E-03,  8.83723E-03,  8.58192E-03,  8.33182E-03,  8.08778E-03,  7.85044E-03,  7.62021E-03,  7.39732E-03,  7.18189E-03,  6.97389E-03,  6.77323E-03,  6.57974E-03,  6.39321E-03,  6.21339E-03,  6.04001E-03,  5.87279E-03,  5.71144E-03,  5.55567E-03,  5.40521E-03,  5.25979E-03,  5.11916E-03,  4.98307E-03,  4.85130E-03,  4.72363E-03,  4.59987E-03,  4.47983E-03,  4.36336E-03,  4.25029E-03,  4.14048E-03,  4.03379E-03,
  3.51162E-03,  3.62194E-03,  3.73507E-03,  3.85105E-03,  3.96991E-03,  4.09170E-03,  4.21648E-03,  4.34432E-03,  4.47531E-03,  4.60954E-03,  4.74712E-03,  4.88820E-03,  5.03293E-03,  5.18150E-03,  5.33410E-03,  5.49097E-03,  5.65235E-03,  5.81852E-03,  5.98976E-03,  6.16635E-03,  6.34858E-03,  6.53672E-03,  6.73101E-03,  6.93162E-03,  7.13869E-03,  7.35221E-03,  7.57207E-03,  7.79797E-03,  8.02945E-03,  8.26577E-03,  8.50594E-03,  8.74868E-03,  8.99235E-03,  9.23498E-03,  9.47426E-03,  9.70754E-03,  9.93186E-03,  1.01440E-02,  1.03408E-02,  1.05186E-02,  1.06744E-02,  1.08050E-02,  1.09077E-02,  1.09805E-02,  1.10219E-02,  1.10309E-02,  1.10077E-02,  1.09530E-02,  1.08681E-02,  1.07551E-02,  1.06166E-02,  1.04554E-02,  1.02746E-02,  1.00775E-02,  9.86722E-03,  9.64676E-03,  9.41897E-03,  9.18639E-03,  8.95132E-03,  8.71571E-03,  8.48124E-03,  8.24930E-03,  8.02101E-03,  7.79724E-03,  7.57865E-03,  7.36573E-03,  7.15881E-03,  6.95806E-03,  6.76358E-03,  6.57536E-03,  6.39333E-03,  6.21736E-03,  6.04729E-03,  5.88293E-03,  5.72407E-03,  5.57048E-03,  5.42194E-03,  5.27824E-03,  5.13914E-03,  5.00444E-03,  4.87394E-03,  4.74743E-03,  4.62475E-03,  4.50571E-03,  4.39016E-03,  4.27794E-03,  4.16893E-03,  4.06299E-03,  3.96001E-03,
  3.44173E-03,  3.54780E-03,  3.65652E-03,  3.76792E-03,  3.88204E-03,  3.99892E-03,  4.11863E-03,  4.24122E-03,  4.36677E-03,  4.49536E-03,  4.62711E-03,  4.76213E-03,  4.90054E-03,  5.04252E-03,  5.18821E-03,  5.33782E-03,  5.49154E-03,  5.64957E-03,  5.81214E-03,  5.97945E-03,  6.15171E-03,  6.32909E-03,  6.51174E-03,  6.69973E-03,  6.89307E-03,  7.09169E-03,  7.29537E-03,  7.50375E-03,  7.71630E-03,  7.93229E-03,  8.15074E-03,  8.37044E-03,  8.58990E-03,  8.80736E-03,  9.02080E-03,  9.22791E-03,  9.42621E-03,  9.61304E-03,  9.78563E-03,  9.94122E-03,  1.00772E-02,  1.01910E-02,  1.02806E-02,  1.03443E-02,  1.03808E-02,  1.03896E-02,  1.03706E-02,  1.03243E-02,  1.02519E-02,  1.01549E-02,  1.00355E-02,  9.89585E-03,  9.73855E-03,  9.56621E-03,  9.38143E-03,  9.18677E-03,  8.98464E-03,  8.77723E-03,  8.56656E-03,  8.35438E-03,  8.14223E-03,  7.93138E-03,  7.72292E-03,  7.51770E-03,  7.31641E-03,  7.11957E-03,  6.92754E-03,  6.74060E-03,  6.55888E-03,  6.38247E-03,  6.21135E-03,  6.04549E-03,  5.88478E-03,  5.72911E-03,  5.57832E-03,  5.43225E-03,  5.29074E-03,  5.15360E-03,  5.02066E-03,  4.89174E-03,  4.76669E-03,  4.64532E-03,  4.52750E-03,  4.41307E-03,  4.30189E-03,  4.19384E-03,  4.08878E-03,  3.98662E-03,  3.88724E-03,
  3.37350E-03,  3.47551E-03,  3.58001E-03,  3.68703E-03,  3.79662E-03,  3.90881E-03,  4.02366E-03,  4.14122E-03,  4.26155E-03,  4.38474E-03,  4.51087E-03,  4.64004E-03,  4.77237E-03,  4.90798E-03,  5.04701E-03,  5.18960E-03,  5.33591E-03,  5.48609E-03,  5.64030E-03,  5.79869E-03,  5.96139E-03,  6.12850E-03,  6.30008E-03,  6.47613E-03,  6.65660E-03,  6.84131E-03,  7.03000E-03,  7.22227E-03,  7.41756E-03,  7.61515E-03,  7.81410E-03,  8.01328E-03,  8.21136E-03,  8.40676E-03,  8.59771E-03,  8.78223E-03,  8.95822E-03,  9.12343E-03,  9.27558E-03,  9.41239E-03,  9.53171E-03,  9.63154E-03,  9.71016E-03,  9.76621E-03,  9.79871E-03,  9.80716E-03,  9.79151E-03,  9.75221E-03,  9.69012E-03,  9.60652E-03,  9.50305E-03,  9.38155E-03,  9.24410E-03,  9.09283E-03,  8.92994E-03,  8.75756E-03,  8.57774E-03,  8.39239E-03,  8.20325E-03,  8.01191E-03,  7.81973E-03,  7.62791E-03,  7.43745E-03,  7.24919E-03,  7.06381E-03,  6.88184E-03,  6.70369E-03,  6.52967E-03,  6.35996E-03,  6.19471E-03,  6.03396E-03,  5.87774E-03,  5.72600E-03,  5.57867E-03,  5.43566E-03,  5.29685E-03,  5.16213E-03,  5.03136E-03,  4.90439E-03,  4.78110E-03,  4.66134E-03,  4.54499E-03,  4.43190E-03,  4.32196E-03,  4.21504E-03,  4.11104E-03,  4.00985E-03,  3.91136E-03,  3.81549E-03,
  3.30686E-03,  3.40498E-03,  3.50545E-03,  3.60829E-03,  3.71354E-03,  3.82123E-03,  3.93142E-03,  4.04415E-03,  4.15948E-03,  4.27747E-03,  4.39820E-03,  4.52176E-03,  4.64822E-03,  4.77769E-03,  4.91029E-03,  5.04611E-03,  5.18528E-03,  5.32791E-03,  5.47410E-03,  5.62394E-03,  5.77752E-03,  5.93486E-03,  6.09596E-03,  6.26078E-03,  6.42918E-03,  6.60096E-03,  6.77581E-03,  6.95330E-03,  7.13287E-03,  7.31382E-03,  7.49526E-03,  7.67618E-03,  7.85534E-03,  8.03136E-03,  8.20270E-03,  8.36766E-03,  8.52444E-03,  8.67115E-03,  8.80589E-03,  8.92679E-03,  9.03206E-03,  9.12008E-03,  9.18946E-03,  9.23909E-03,  9.26818E-03,  9.27631E-03,  9.26344E-03,  9.22991E-03,  9.17642E-03,  9.10400E-03,  9.01395E-03,  8.90779E-03,  8.78720E-03,  8.65396E-03,  8.50990E-03,  8.35680E-03,  8.19643E-03,  8.03043E-03,  7.86032E-03,  7.68750E-03,  7.51320E-03,  7.33852E-03,  7.16439E-03,  6.99161E-03,  6.82084E-03,  6.65261E-03,  6.48735E-03,  6.32538E-03,  6.16694E-03,  6.01221E-03,  5.86129E-03,  5.71423E-03,  5.57104E-03,  5.43170E-03,  5.29616E-03,  5.16434E-03,  5.03618E-03,  4.91156E-03,  4.79038E-03,  4.67254E-03,  4.55793E-03,  4.44644E-03,  4.33795E-03,  4.23238E-03,  4.12961E-03,  4.02956E-03,  3.93212E-03,  3.83722E-03,  3.74477E-03,
