 -4.04817E-03, -4.12948E-03, -4.20994E-03, -4.28927E-03, -4.36719E-03, -4.44340E-03, -4.51754E-03, -4.58929E-03, -4.65830E-03, -4.72417E-03, -4.78656E-03, -4.84506E-03, -4.89930E-03, -4.94890E-03, -4.99352E-03, -5.03281E-03, -5.06647E-03, -5.09423E-03, -5.11589E-03, -5.13130E-03, -5.14040E-03, -5.14321E-03, -5.13985E-03, -5.13057E-03, -5.11573E-03, -5.09583E-03, -5.07151E-03, -5.04352E-03, -5.01279E-03, -4.98032E-03, -4.94726E-03, -4.91482E-03, -4.88427E-03, -4.85688E-03, -4.83392E-03, -4.81659E-03, -4.80597E-03, -4.80297E-03, -4.80833E-03, -4.82257E-03, -4.84591E-03, -4.87833E-03, -4.91951E-03, -4.96892E-03, -5.02572E-03, -5.08888E-03, -5.15721E-03, -5.22934E-03, -5.30385E-03, -5.37928E-03, -5.45415E-03, -5.52706E-03, -5.59667E-03, -5.66176E-03, -5.72127E-03, -5.77425E-03, -5.81993E-03, -5.85773E-03, -5.88719E-03, -5.90802E-03, -5.92008E-03, -5.92334E-03, -5.91790E-03, -5.90396E-03, -5.88180E-03, -5.85177E-03, -5.81428E-03, -5.76978E-03, -5.71877E-03, -5.66172E-03, -5.59917E-03, -5.53162E-03, -5.45959E-03, -5.38357E-03, -5.30404E-03, -5.22149E-03, -5.13634E-03, -5.04902E-03, -4.95993E-03, -4.86942E-03, -4.77784E-03, -4.68553E-03, -4.59274E-03, -4.49976E-03, -4.40683E-03,
 -4.12931E-03, -4.21459E-03, -4.29906E-03, -4.38243E-03, -4.46438E-03, -4.54456E-03, -4.62264E-03, -4.69822E-03, -4.77092E-03, -4.84031E-03, -4.90597E-03, -4.96749E-03, -5.02441E-03, -5.07631E-03, -5.12276E-03, -5.16339E-03, -5.19780E-03, -5.22568E-03, -5.24677E-03, -5.26086E-03, -5.26783E-03, -5.26768E-03, -5.26051E-03, -5.24657E-03, -5.22620E-03, -5.19998E-03, -5.16857E-03, -5.13286E-03, -5.09386E-03, -5.05276E-03, -5.01088E-03, -4.96963E-03, -4.93052E-03, -4.89508E-03, -4.86481E-03, -4.84117E-03, -4.82547E-03, -4.81886E-03, -4.82221E-03, -4.83616E-03, -4.86102E-03, -4.89678E-03, -4.94308E-03, -4.99924E-03, -5.06429E-03, -5.13699E-03, -5.21588E-03, -5.29937E-03, -5.38573E-03, -5.47322E-03, -5.56011E-03, -5.64475E-03, -5.72557E-03, -5.80118E-03, -5.87033E-03, -5.93199E-03, -5.98529E-03, -6.02957E-03, -6.06438E-03, -6.08941E-03, -6.10457E-03, -6.10984E-03, -6.10540E-03, -6.09150E-03, -6.06851E-03, -6.03687E-03, -5.99704E-03, -5.94959E-03, -5.89507E-03, -5.83405E-03, -5.76714E-03, -5.69490E-03, -5.61791E-03, -5.53675E-03, -5.45195E-03, -5.36401E-03, -5.27342E-03, -5.18065E-03, -5.08613E-03, -4.99025E-03, -4.89337E-03, -4.79583E-03, -4.69796E-03, -4.60000E-03, -4.50224E-03,
 -4.21217E-03, -4.30168E-03, -4.39043E-03, -4.47812E-03, -4.56439E-03, -4.64889E-03, -4.73122E-03, -4.81096E-03, -4.88769E-03, -4.96094E-03, -5.03023E-03, -5.09508E-03, -5.15499E-03, -5.20947E-03, -5.25802E-03, -5.30018E-03, -5.33550E-03, -5.36360E-03, -5.38411E-03, -5.39679E-03, -5.40146E-03, -5.39804E-03, -5.38662E-03, -5.36740E-03, -5.34079E-03, -5.30732E-03, -5.26778E-03, -5.22313E-03, -5.17453E-03, -5.12333E-03, -5.07106E-03, -5.01939E-03, -4.97010E-03, -4.92502E-03, -4.88596E-03, -4.85467E-03, -4.83276E-03, -4.82162E-03, -4.82235E-03, -4.83576E-03, -4.86223E-03, -4.90175E-03, -4.95392E-03, -5.01794E-03, -5.09260E-03, -5.17643E-03, -5.26769E-03, -5.36442E-03, -5.46458E-03, -5.56610E-03, -5.66693E-03, -5.76511E-03, -5.85883E-03, -5.94648E-03, -6.02662E-03, -6.09810E-03, -6.15997E-03, -6.21150E-03, -6.25223E-03, -6.28188E-03, -6.30034E-03, -6.30772E-03, -6.30423E-03, -6.29024E-03, -6.26617E-03, -6.23257E-03, -6.19003E-03, -6.13919E-03, -6.08068E-03, -6.01519E-03, -5.94339E-03, -5.86594E-03, -5.78348E-03, -5.69665E-03, -5.60604E-03, -5.51223E-03, -5.41573E-03, -5.31706E-03, -5.21668E-03, -5.11500E-03, -5.01244E-03, -4.90933E-03, -4.80600E-03, -4.70277E-03, -4.59988E-03,
 -4.29670E-03, -4.39071E-03, -4.48405E-03, -4.57636E-03, -4.66728E-03, -4.75642E-03, -4.84336E-03, -4.92763E-03, -5.00876E-03, -5.08624E-03, -5.15954E-03, -5.22810E-03, -5.29135E-03, -5.34874E-03, -5.39969E-03, -5.44365E-03, -5.48010E-03, -5.50853E-03, -5.52853E-03, -5.53975E-03, -5.54192E-03, -5.53493E-03, -5.51879E-03, -5.49368E-03, -5.45998E-03, -5.41829E-03, -5.36942E-03, -5.31446E-03, -5.25470E-03, -5.19171E-03, -5.12724E-03, -5.06326E-03, -5.00187E-03, -4.94525E-03, -4.89559E-03, -4.85502E-03, -4.82550E-03, -4.80874E-03, -4.80613E-03, -4.81863E-03, -4.84676E-03, -4.89055E-03, -4.94950E-03, -5.02264E-03, -5.10855E-03, -5.20542E-03, -5.31113E-03, -5.42335E-03, -5.53963E-03, -5.65748E-03, -5.77447E-03, -5.88831E-03, -5.99686E-03, -6.09829E-03, -6.19095E-03, -6.27355E-03, -6.34503E-03, -6.40465E-03, -6.45191E-03, -6.48655E-03, -6.50857E-03, -6.51810E-03, -6.51548E-03, -6.50117E-03, -6.47571E-03, -6.43977E-03, -6.39404E-03, -6.33927E-03, -6.27623E-03, -6.20569E-03, -6.12841E-03, -6.04515E-03, -5.95664E-03, -5.86357E-03, -5.76660E-03, -5.66637E-03, -5.56344E-03, -5.45837E-03, -5.35165E-03, -5.24376E-03, -5.13508E-03, -5.02602E-03, -4.91691E-03, -4.80805E-03, -4.69973E-03,
 -4.38284E-03, -4.48163E-03, -4.57984E-03, -4.67711E-03, -4.77303E-03, -4.86719E-03, -4.95911E-03, -5.04832E-03, -5.13427E-03, -5.21640E-03, -5.29412E-03, -5.36682E-03, -5.43383E-03, -5.49452E-03, -5.54823E-03, -5.59431E-03, -5.63212E-03, -5.66108E-03, -5.68066E-03, -5.69039E-03, -5.68992E-03, -5.67905E-03, -5.65772E-03, -5.62604E-03, -5.58440E-03, -5.53339E-03, -5.47387E-03, -5.40705E-03, -5.33438E-03, -5.25762E-03, -5.17882E-03, -5.10029E-03, -5.02452E-03, -4.95409E-03, -4.89168E-03, -4.83985E-03, -4.80101E-03, -4.77728E-03, -4.77036E-03, -4.78150E-03, -4.81135E-03, -4.85996E-03, -4.92675E-03, -5.01055E-03, -5.10963E-03, -5.22180E-03, -5.34448E-03, -5.47485E-03, -5.60997E-03, -5.74685E-03, -5.88262E-03, -6.01455E-03, -6.14018E-03, -6.25737E-03, -6.36427E-03, -6.45942E-03, -6.54168E-03, -6.61028E-03, -6.66470E-03, -6.70476E-03, -6.73051E-03, -6.74221E-03, -6.74030E-03, -6.72538E-03, -6.69814E-03, -6.65936E-03, -6.60990E-03, -6.55061E-03, -6.48239E-03, -6.40614E-03, -6.32272E-03, -6.23299E-03, -6.13775E-03, -6.03780E-03, -5.93386E-03, -5.82662E-03, -5.71670E-03, -5.60470E-03, -5.49116E-03, -5.37655E-03, -5.26134E-03, -5.14591E-03, -5.03062E-03, -4.91580E-03, -4.80173E-03,
 -4.47047E-03, -4.57437E-03, -4.67778E-03, -4.78035E-03, -4.88164E-03, -4.98120E-03, -5.07853E-03, -5.17310E-03, -5.26432E-03, -5.35158E-03, -5.43419E-03, -5.51148E-03, -5.58273E-03, -5.64717E-03, -5.70407E-03, -5.75265E-03, -5.79216E-03, -5.82190E-03, -5.84119E-03, -5.84948E-03, -5.84627E-03, -5.83124E-03, -5.80422E-03, -5.76529E-03, -5.71476E-03, -5.65321E-03, -5.58159E-03, -5.50115E-03, -5.41354E-03, -5.32076E-03, -5.22518E-03, -5.12947E-03, -5.03660E-03, -4.94967E-03, -4.87188E-03, -4.80638E-03, -4.75612E-03, -4.72374E-03, -4.71135E-03, -4.72051E-03, -4.75209E-03, -4.80615E-03, -4.88204E-03, -4.97832E-03, -5.09288E-03, -5.22305E-03, -5.36568E-03, -5.51738E-03, -5.67455E-03, -5.83364E-03, -5.99122E-03, -6.14408E-03, -6.28936E-03, -6.42457E-03, -6.54765E-03, -6.65697E-03, -6.75128E-03, -6.82980E-03, -6.89205E-03, -6.93792E-03, -6.96756E-03, -6.98139E-03, -6.97997E-03, -6.96407E-03, -6.93455E-03, -6.89236E-03, -6.83849E-03, -6.77397E-03, -6.69985E-03, -6.61713E-03, -6.52682E-03, -6.42987E-03, -6.32720E-03, -6.21966E-03, -6.10807E-03, -5.99316E-03, -5.87565E-03, -5.75613E-03, -5.63522E-03, -5.51342E-03, -5.39120E-03, -5.26897E-03, -5.14712E-03, -5.02598E-03, -4.90581E-03,
 -4.55951E-03, -4.66880E-03, -4.77776E-03, -4.88598E-03, -4.99304E-03, -5.09843E-03, -5.20162E-03, -5.30203E-03, -5.39901E-03, -5.49188E-03, -5.57992E-03, -5.66236E-03, -5.73837E-03, -5.80709E-03, -5.86766E-03, -5.91919E-03, -5.96081E-03, -5.99165E-03, -6.01090E-03, -6.01783E-03, -6.01181E-03, -5.99236E-03, -5.95922E-03, -5.91232E-03, -5.85190E-03, -5.77852E-03, -5.69315E-03, -5.59713E-03, -5.49229E-03, -5.38089E-03, -5.26565E-03, -5.14968E-03, -5.03648E-03, -4.92980E-03, -4.83348E-03, -4.75138E-03, -4.68712E-03, -4.64398E-03, -4.62463E-03, -4.63103E-03, -4.66427E-03, -4.72453E-03, -4.81099E-03, -4.92191E-03, -5.05472E-03, -5.20612E-03, -5.37229E-03, -5.54907E-03, -5.73212E-03, -5.91717E-03, -6.10012E-03, -6.27720E-03, -6.44508E-03, -6.60090E-03, -6.74235E-03, -6.86760E-03, -6.97536E-03, -7.06482E-03, -7.13558E-03, -7.18764E-03, -7.22129E-03, -7.23710E-03, -7.23585E-03, -7.21849E-03, -7.18609E-03, -7.13977E-03, -7.08075E-03, -7.01020E-03, -6.92932E-03, -6.83930E-03, -6.74125E-03, -6.63625E-03, -6.52532E-03, -6.40943E-03, -6.28943E-03, -6.16617E-03, -6.04039E-03, -5.91276E-03, -5.78391E-03, -5.65437E-03, -5.52465E-03, -5.39518E-03, -5.26634E-03, -5.13848E-03, -5.01189E-03,
 -4.64979E-03, -4.76481E-03, -4.87967E-03, -4.99394E-03, -5.10717E-03, -5.21883E-03, -5.32835E-03, -5.43510E-03, -5.53838E-03, -5.63745E-03, -5.73150E-03, -5.81967E-03, -5.90102E-03, -5.97462E-03, -6.03945E-03, -6.09449E-03, -6.13869E-03, -6.17104E-03, -6.19055E-03, -6.19630E-03, -6.18749E-03, -6.16344E-03, -6.12372E-03, -6.06813E-03, -5.99678E-03, -5.91018E-03, -5.80927E-03, -5.69550E-03, -5.57082E-03, -5.43781E-03, -5.29955E-03, -5.15970E-03, -5.02236E-03, -4.89202E-03, -4.77335E-03, -4.67105E-03, -4.58962E-03, -4.53311E-03, -4.50491E-03, -4.50750E-03, -4.54231E-03, -4.60957E-03, -4.70836E-03, -4.83652E-03, -4.99088E-03, -5.16740E-03, -5.36138E-03, -5.56772E-03, -5.78118E-03, -5.99659E-03, -6.20909E-03, -6.41422E-03, -6.60810E-03, -6.78747E-03, -6.94973E-03, -7.09290E-03, -7.21561E-03, -7.31711E-03, -7.39707E-03, -7.45565E-03, -7.49334E-03, -7.51091E-03, -7.50941E-03, -7.49001E-03, -7.45399E-03, -7.40273E-03, -7.33764E-03, -7.26012E-03, -7.17154E-03, -7.07324E-03, -6.96650E-03, -6.85253E-03, -6.73247E-03, -6.60735E-03, -6.47817E-03, -6.34578E-03, -6.21102E-03, -6.07461E-03, -5.93720E-03, -5.79937E-03, -5.66163E-03, -5.52445E-03, -5.38820E-03, -5.25325E-03, -5.11986E-03,
 -4.74114E-03, -4.86222E-03, -4.98333E-03, -5.10406E-03, -5.22391E-03, -5.34232E-03, -5.45867E-03, -5.57231E-03, -5.68246E-03, -5.78833E-03, -5.88902E-03, -5.98358E-03, -6.07097E-03, -6.15011E-03, -6.21986E-03, -6.27904E-03, -6.32642E-03, -6.36080E-03, -6.38098E-03, -6.38583E-03, -6.37432E-03, -6.34555E-03, -6.29887E-03, -6.23387E-03, -6.15051E-03, -6.04920E-03, -5.93081E-03, -5.79683E-03, -5.64941E-03, -5.49136E-03, -5.32622E-03, -5.15821E-03, -4.99220E-03, -4.83353E-03, -4.68786E-03, -4.56098E-03, -4.45843E-03, -4.38529E-03, -4.34585E-03, -4.34326E-03, -4.37938E-03, -4.45460E-03, -4.56776E-03, -4.71626E-03, -4.89616E-03, -5.10246E-03, -5.32938E-03, -5.57065E-03, -5.81989E-03, -6.07089E-03, -6.31781E-03, -6.55543E-03, -6.77924E-03, -6.98551E-03, -7.17133E-03, -7.33460E-03, -7.47393E-03, -7.58858E-03, -7.67845E-03, -7.74383E-03, -7.78552E-03, -7.80455E-03, -7.80223E-03, -7.78004E-03, -7.73954E-03, -7.68236E-03, -7.61017E-03, -7.52459E-03, -7.42722E-03, -7.31957E-03, -7.20309E-03, -7.07913E-03, -6.94893E-03, -6.81368E-03, -6.67441E-03, -6.53210E-03, -6.38761E-03, -6.24171E-03, -6.09510E-03, -5.94837E-03, -5.80208E-03, -5.65668E-03, -5.51257E-03, -5.37011E-03, -5.22959E-03,
 -4.83335E-03, -4.96083E-03, -5.08859E-03, -5.21617E-03, -5.34309E-03, -5.46874E-03, -5.59247E-03, -5.71357E-03, -5.83123E-03, -5.94456E-03, -6.05258E-03, -6.15425E-03, -6.24842E-03, -6.33388E-03, -6.40930E-03, -6.47335E-03, -6.52462E-03, -6.56166E-03, -6.58304E-03, -6.58738E-03, -6.57337E-03, -6.53985E-03, -6.48588E-03, -6.41081E-03, -6.31435E-03, -6.19675E-03, -6.05878E-03, -5.90193E-03, -5.72845E-03, -5.54146E-03, -5.34495E-03, -5.14381E-03, -4.94372E-03, -4.75110E-03, -4.57281E-03, -4.41595E-03, -4.28739E-03, -4.19355E-03, -4.13980E-03, -4.13023E-03, -4.16725E-03, -4.25145E-03, -4.38143E-03, -4.55399E-03, -4.76424E-03, -5.00594E-03, -5.27195E-03, -5.55457E-03, -5.84600E-03, -6.13874E-03, -6.42582E-03, -6.70109E-03, -6.95932E-03, -7.19629E-03, -7.40881E-03, -7.59460E-03, -7.75230E-03, -7.88133E-03, -7.98177E-03, -8.05422E-03, -8.09976E-03, -8.11979E-03, -8.11596E-03, -8.09008E-03, -8.04406E-03, -7.97984E-03, -7.89935E-03, -7.80450E-03, -7.69710E-03, -7.57889E-03, -7.45149E-03, -7.31641E-03, -7.17502E-03, -7.02861E-03, -6.87832E-03, -6.72519E-03, -6.57015E-03, -6.41401E-03, -6.25751E-03, -6.10128E-03, -5.94586E-03, -5.79173E-03, -5.63931E-03, -5.48894E-03, -5.34090E-03,
 -4.92619E-03, -5.06040E-03, -5.19518E-03, -5.33006E-03, -5.46450E-03, -5.59792E-03, -5.72959E-03, -5.85876E-03, -5.98458E-03, -6.10607E-03, -6.22218E-03, -6.33177E-03, -6.43354E-03, -6.52615E-03, -6.60812E-03, -6.67790E-03, -6.73386E-03, -6.77432E-03, -6.79757E-03, -6.80192E-03, -6.78575E-03, -6.74756E-03, -6.68607E-03, -6.60031E-03, -6.48968E-03, -6.35416E-03, -6.19435E-03, -6.01168E-03, -5.80848E-03, -5.58811E-03, -5.35506E-03, -5.11491E-03, -4.87436E-03, -4.64105E-03, -4.42330E-03, -4.22982E-03, -4.06921E-03, -3.94948E-03, -3.87753E-03, -3.85860E-03, -3.89588E-03, -3.99018E-03, -4.13988E-03, -4.34095E-03, -4.58733E-03, -4.87122E-03, -5.18374E-03, -5.51539E-03, -5.85666E-03, -6.19841E-03, -6.53237E-03, -6.85128E-03, -7.14913E-03, -7.42115E-03, -7.66384E-03, -7.87484E-03, -8.05288E-03, -8.19754E-03, -8.30922E-03, -8.38891E-03, -8.43806E-03, -8.45850E-03, -8.45229E-03, -8.42167E-03, -8.36891E-03, -8.29633E-03, -8.20619E-03, -8.10069E-03, -7.98190E-03, -7.85177E-03, -7.71216E-03, -7.56470E-03, -7.41095E-03, -7.25229E-03, -7.08996E-03, -6.92508E-03, -6.75862E-03, -6.59147E-03, -6.42436E-03, -6.25796E-03, -6.09283E-03, -5.92946E-03, -5.76824E-03, -5.60954E-03, -5.45361E-03,
 -5.01934E-03, -5.16065E-03, -5.30283E-03, -5.44544E-03, -5.58789E-03, -5.72959E-03, -5.86979E-03, -6.00769E-03, -6.14236E-03, -6.27277E-03, -6.39778E-03, -6.51613E-03, -6.62642E-03, -6.72711E-03, -6.81659E-03, -6.89306E-03, -6.95467E-03, -6.99944E-03, -7.02537E-03, -7.03041E-03, -7.01256E-03, -6.96993E-03, -6.90083E-03, -6.80383E-03, -6.67798E-03, -6.52287E-03, -6.33884E-03, -6.12715E-03, -5.89013E-03, -5.63136E-03, -5.35579E-03, -5.06982E-03, -4.78125E-03, -4.49915E-03, -4.23362E-03, -3.99536E-03, -3.79513E-03, -3.64303E-03, -3.54788E-03, -3.51647E-03, -3.55298E-03, -3.65861E-03, -3.83140E-03, -4.06636E-03, -4.35584E-03, -4.69011E-03, -5.05809E-03, -5.44799E-03, -5.84816E-03, -6.24756E-03, -6.63629E-03, -7.00583E-03, -7.34928E-03, -7.66129E-03, -7.93809E-03, -8.17731E-03, -8.37778E-03, -8.53944E-03, -8.66305E-03, -8.75007E-03, -8.80247E-03, -8.82259E-03, -8.81298E-03, -8.77636E-03, -8.71546E-03, -8.63303E-03, -8.53169E-03, -8.41398E-03, -8.28225E-03, -8.13874E-03, -7.98547E-03, -7.82430E-03, -7.65692E-03, -7.48483E-03, -7.30936E-03, -7.13173E-03, -6.95294E-03, -6.77394E-03, -6.59547E-03, -6.41823E-03, -6.24280E-03, -6.06963E-03, -5.89915E-03, -5.73169E-03, -5.56749E-03,
 -5.11250E-03, -5.26123E-03, -5.41122E-03, -5.56197E-03, -5.71294E-03, -5.86346E-03, -6.01279E-03, -6.16007E-03, -6.30432E-03, -6.44446E-03, -6.57922E-03, -6.70726E-03, -6.82704E-03, -6.93686E-03, -7.03490E-03, -7.11915E-03, -7.18748E-03, -7.23762E-03, -7.26719E-03, -7.27375E-03, -7.25490E-03, -7.20821E-03, -7.13152E-03, -7.02288E-03, -6.88081E-03, -6.70443E-03, -6.49367E-03, -6.24949E-03, -5.97413E-03, -5.67130E-03, -5.34639E-03, -5.00663E-03, -4.66106E-03, -4.32047E-03, -3.99707E-03, -3.70402E-03, -3.45477E-03, -3.26212E-03, -3.13737E-03, -3.08935E-03, -3.12359E-03, -3.24181E-03, -3.44166E-03, -3.71691E-03, -4.05793E-03, -4.45246E-03, -4.88663E-03, -5.34584E-03, -5.81574E-03, -6.28297E-03, -6.73571E-03, -7.16403E-03, -7.55999E-03, -7.91768E-03, -8.23307E-03, -8.50384E-03, -8.72910E-03, -8.90921E-03, -9.04544E-03, -9.13986E-03, -9.19504E-03, -9.21394E-03, -9.19972E-03, -9.15567E-03, -9.08505E-03, -8.99107E-03, -8.87680E-03, -8.74514E-03, -8.59878E-03, -8.44023E-03, -8.27175E-03, -8.09541E-03, -7.91303E-03, -7.72624E-03, -7.53649E-03, -7.34503E-03, -7.15296E-03, -6.96122E-03, -6.77064E-03, -6.58187E-03, -6.39550E-03, -6.21200E-03, -6.03178E-03, -5.85512E-03, -5.68229E-03,
 -5.20530E-03, -5.36178E-03, -5.51993E-03, -5.67928E-03, -5.83924E-03, -5.99914E-03, -6.15821E-03, -6.31557E-03, -6.47016E-03, -6.62083E-03, -6.76627E-03, -6.90497E-03, -7.03529E-03, -7.15535E-03, -7.26312E-03, -7.35635E-03, -7.43262E-03, -7.48930E-03, -7.52365E-03, -7.53278E-03, -7.51372E-03, -7.46356E-03, -7.37948E-03, -7.25892E-03, -7.09973E-03, -6.90040E-03, -6.66029E-03, -6.37991E-03, -6.06124E-03, -5.70798E-03, -5.32594E-03, -4.92315E-03, -4.51005E-03, -4.09937E-03, -3.70586E-03, -3.34574E-03, -3.03579E-03, -2.79228E-03, -2.62976E-03, -2.55970E-03, -2.58948E-03, -2.72154E-03, -2.95308E-03, -3.27627E-03, -3.67894E-03, -4.14563E-03, -4.65889E-03, -5.20058E-03, -5.75308E-03, -6.30019E-03, -6.82781E-03, -7.32438E-03, -7.78085E-03, -8.19072E-03, -8.54982E-03, -8.85596E-03, -9.10867E-03, -9.30885E-03, -9.45848E-03, -9.56032E-03, -9.61772E-03, -9.63438E-03, -9.61419E-03, -9.56108E-03, -9.47893E-03, -9.37152E-03, -9.24238E-03, -9.09486E-03, -8.93201E-03, -8.75664E-03, -8.57127E-03, -8.37816E-03, -8.17930E-03, -7.97647E-03, -7.77120E-03, -7.56480E-03, -7.35845E-03, -7.15311E-03, -6.94958E-03, -6.74858E-03, -6.55065E-03, -6.35628E-03, -6.16582E-03, -5.97956E-03, -5.79772E-03,
 -5.29728E-03, -5.46184E-03, -5.62854E-03, -5.79690E-03, -5.96634E-03, -6.13617E-03, -6.30561E-03, -6.47372E-03, -6.63942E-03, -6.80151E-03, -6.95855E-03, -7.10895E-03, -7.25091E-03, -7.38240E-03, -7.50115E-03, -7.60469E-03, -7.69023E-03, -7.75482E-03, -7.79523E-03, -7.80809E-03, -7.78988E-03, -7.73700E-03, -7.64592E-03, -7.51330E-03, -7.33619E-03, -7.11227E-03, -6.84010E-03, -6.51955E-03, -6.15211E-03, -5.74135E-03, -5.29329E-03, -4.81681E-03, -4.32380E-03, -3.82926E-03, -3.35093E-03, -2.90872E-03, -2.52364E-03, -2.21638E-03, -2.00565E-03, -1.90649E-03, -1.92869E-03, -2.07572E-03, -2.34425E-03, -2.72443E-03, -3.20083E-03, -3.75388E-03, -4.36164E-03, -5.00153E-03, -5.65185E-03, -6.29302E-03, -6.90827E-03, -7.48413E-03, -8.01041E-03, -8.48004E-03, -8.88874E-03, -9.23466E-03, -9.51786E-03, -9.74001E-03, -9.90391E-03, -1.00132E-02, -1.00723E-02, -1.00856E-02, -1.00579E-02, -9.99390E-03, -9.89826E-03, -9.77532E-03, -9.62922E-03, -9.46374E-03, -9.28236E-03, -9.08823E-03, -8.88414E-03, -8.67256E-03, -8.45567E-03, -8.23537E-03, -8.01328E-03, -7.79081E-03, -7.56912E-03, -7.34924E-03, -7.13198E-03, -6.91800E-03, -6.70790E-03, -6.50209E-03, -6.30091E-03, -6.10464E-03, -5.91346E-03,
 -5.38800E-03, -5.56094E-03, -5.73653E-03, -5.91432E-03, -6.09371E-03, -6.27401E-03, -6.45443E-03, -6.63399E-03, -6.81160E-03, -6.98594E-03, -7.15556E-03, -7.31873E-03, -7.47349E-03, -7.61766E-03, -7.74876E-03, -7.86398E-03, -7.96026E-03, -8.03422E-03, -8.08217E-03, -8.10015E-03, -8.08397E-03, -8.02931E-03, -7.93179E-03, -7.78714E-03, -7.59141E-03, -7.34125E-03, -7.03423E-03, -6.66927E-03, -6.24713E-03, -5.77098E-03, -5.24690E-03, -4.68449E-03, -4.09720E-03, -3.50251E-03, -2.92173E-03, -2.37926E-03, -1.90134E-03, -1.51427E-03, -1.24218E-03, -1.10475E-03, -1.11501E-03, -1.27786E-03, -1.58936E-03, -2.03712E-03, -2.60152E-03, -3.25778E-03, -3.97830E-03, -4.73493E-03, -5.50102E-03, -6.25288E-03, -6.97065E-03, -7.63873E-03, -8.24566E-03, -8.78385E-03, -9.24909E-03, -9.63996E-03, -9.95731E-03, -1.02037E-02, -1.03830E-02, -1.05001E-02, -1.05601E-02, -1.05689E-02, -1.05321E-02, -1.04553E-02, -1.03440E-02, -1.02033E-02, -1.00379E-02, -9.85220E-03, -9.65011E-03, -9.43512E-03, -9.21036E-03, -8.97851E-03, -8.74194E-03, -8.50268E-03, -8.26243E-03, -8.02265E-03, -7.78459E-03, -7.54922E-03, -7.31738E-03, -7.08975E-03, -6.86682E-03, -6.64903E-03, -6.43668E-03, -6.22999E-03, -6.02912E-03,
 -5.47693E-03, -5.65852E-03, -5.84334E-03, -6.03094E-03, -6.22072E-03, -6.41202E-03, -6.60401E-03, -6.79572E-03, -6.98600E-03, -7.17350E-03, -7.35667E-03, -7.53368E-03, -7.70246E-03, -7.86062E-03, -8.00544E-03, -8.13387E-03, -8.24245E-03, -8.32737E-03, -8.38443E-03, -8.40903E-03, -8.39626E-03, -8.34093E-03, -8.23768E-03, -8.08115E-03, -7.86619E-03, -7.58818E-03, -7.24337E-03, -6.82948E-03, -6.34617E-03, -5.79589E-03, -5.18453E-03, -4.52224E-03, -3.82405E-03, -3.11020E-03, -2.40611E-03, -1.74157E-03, -1.14931E-03, -6.62685E-04, -3.12787E-04, -1.25326E-04, -1.17654E-04, -2.96642E-04, -6.57674E-04, -1.18514E-03, -1.85416E-03, -2.63335E-03, -3.48798E-03, -4.38307E-03, -5.28590E-03, -6.16790E-03, -7.00560E-03, -7.78099E-03, -8.48130E-03, -9.09849E-03, -9.62849E-03, -1.00706E-02, -1.04265E-02, -1.07001E-02, -1.08964E-02, -1.10216E-02, -1.10823E-02, -1.10854E-02, -1.10378E-02, -1.09461E-02, -1.08169E-02, -1.06560E-02, -1.04688E-02, -1.02605E-02, -1.00353E-02, -9.79729E-03, -9.54979E-03, -9.29577E-03, -9.03779E-03, -8.77799E-03, -8.51820E-03, -8.25990E-03, -8.00435E-03, -7.75255E-03, -7.50532E-03, -7.26328E-03, -7.02694E-03, -6.79665E-03, -6.57268E-03, -6.35520E-03, -6.14432E-03,
 -5.56350E-03, -5.75400E-03, -5.94834E-03, -6.14609E-03, -6.34670E-03, -6.54948E-03, -6.75362E-03, -6.95813E-03, -7.16184E-03, -7.36337E-03, -7.56106E-03, -7.75302E-03, -7.93702E-03, -8.11049E-03, -8.27049E-03, -8.41365E-03, -8.53617E-03, -8.63375E-03, -8.70159E-03, -8.73444E-03, -8.72657E-03, -8.67179E-03, -8.56363E-03, -8.39545E-03, -8.16067E-03, -7.85312E-03, -7.46743E-03, -6.99968E-03, -6.44814E-03, -5.81408E-03, -5.10286E-03, -4.32493E-03, -3.49683E-03, -2.64182E-03, -1.78999E-03, -9.77589E-04, -2.45213E-04,  3.64947E-04,  8.12972E-04,  1.06534E-03,  1.09904E-03,  9.04515E-04,  4.87075E-04, -1.33678E-04, -9.26263E-04, -1.85104E-03, -2.86445E-03, -3.92310E-03, -4.98698E-03, -6.02171E-03, -6.99965E-03, -7.90010E-03, -8.70888E-03, -9.41750E-03, -1.00222E-02, -1.05232E-02, -1.09234E-02, -1.12280E-02, -1.14436E-02, -1.15779E-02, -1.16391E-02, -1.16356E-02, -1.15755E-02, -1.14669E-02, -1.13173E-02, -1.11337E-02, -1.09222E-02, -1.06886E-02, -1.04379E-02, -1.01745E-02, -9.90207E-03, -9.62390E-03, -9.34272E-03, -9.06079E-03, -8.78002E-03, -8.50194E-03, -8.22783E-03, -7.95865E-03, -7.69520E-03, -7.43808E-03, -7.18771E-03, -6.94443E-03, -6.70841E-03, -6.47979E-03, -6.25860E-03,
 -5.64709E-03, -5.84669E-03, -6.05080E-03, -6.25903E-03, -6.47083E-03, -6.68556E-03, -6.90239E-03, -7.12034E-03, -7.33821E-03, -7.55459E-03, -7.76777E-03, -7.97575E-03, -8.17618E-03, -8.36629E-03, -8.54294E-03, -8.70241E-03, -8.84051E-03, -8.95246E-03, -9.03284E-03, -9.07563E-03, -9.07417E-03, -9.02120E-03, -8.90897E-03, -8.72935E-03, -8.47406E-03, -8.13509E-03, -7.70509E-03, -7.17812E-03, -6.55052E-03, -5.82197E-03, -4.99682E-03, -4.08554E-03, -3.10602E-03, -2.08469E-03, -1.05695E-03, -6.65651E-05,  8.36338E-04,  1.59873E-03,  2.16960E-03,  2.50550E-03,  2.57601E-03,  2.36799E-03,  1.88742E-03,  1.15873E-03,  2.21544E-04, -8.74304E-04, -2.07446E-03, -3.32533E-03, -4.57819E-03, -5.79183E-03, -6.93378E-03, -7.98027E-03, -8.91555E-03, -9.73075E-03, -1.04226E-02, -1.09922E-02, -1.14439E-02, -1.17847E-02, -1.20229E-02, -1.21680E-02, -1.22301E-02, -1.22192E-02, -1.21453E-02, -1.20177E-02, -1.18454E-02, -1.16363E-02, -1.13978E-02, -1.11363E-02, -1.08575E-02, -1.05662E-02, -1.02667E-02, -9.96230E-03, -9.65606E-03, -9.35037E-03, -9.04718E-03, -8.74808E-03, -8.45430E-03, -8.16681E-03, -7.88636E-03, -7.61347E-03, -7.34853E-03, -7.09176E-03, -6.84332E-03, -6.60323E-03, -6.37147E-03,
 -5.72703E-03, -5.93589E-03, -6.14999E-03, -6.36895E-03, -6.59229E-03, -6.81936E-03, -7.04937E-03, -7.28133E-03, -7.51405E-03, -7.74606E-03, -7.97563E-03, -8.20067E-03, -8.41869E-03, -8.62678E-03, -8.82149E-03, -8.99884E-03, -9.15419E-03, -9.28222E-03, -9.37686E-03, -9.43125E-03, -9.43770E-03, -9.38775E-03, -9.27217E-03, -9.08112E-03, -8.80438E-03, -8.43173E-03, -7.95346E-03, -7.36114E-03, -6.64866E-03, -5.81360E-03, -4.85881E-03, -3.79429E-03, -2.63912E-03, -1.42302E-03, -1.87243E-04,  1.01574E-03,  2.12455E-03,  3.07301E-03,  3.79640E-03,  4.23880E-03,  4.36040E-03,  4.14316E-03,  3.59365E-03,  2.74199E-03,  1.63765E-03,  3.42768E-04, -1.07529E-03, -2.55076E-03, -4.02457E-03, -5.44751E-03, -6.78144E-03, -7.99906E-03, -9.08281E-03, -1.00233E-02, -1.08178E-02, -1.14685E-02, -1.19814E-02, -1.23654E-02, -1.26309E-02, -1.27896E-02, -1.28537E-02, -1.28354E-02, -1.27464E-02, -1.25980E-02, -1.24005E-02, -1.21635E-02, -1.18952E-02, -1.16030E-02, -1.12934E-02, -1.09718E-02, -1.06428E-02, -1.03101E-02, -9.97694E-03, -9.64583E-03, -9.31880E-03, -8.99742E-03, -8.68292E-03, -8.37623E-03, -8.07802E-03, -7.78873E-03, -7.50868E-03, -7.23802E-03, -6.97681E-03, -6.72498E-03, -6.48245E-03,
 -5.80259E-03, -6.02082E-03, -6.24506E-03, -6.47498E-03, -6.71011E-03, -6.94986E-03, -7.19346E-03, -7.43995E-03, -7.68812E-03, -7.93652E-03, -8.18333E-03, -8.42640E-03, -8.66313E-03, -8.89042E-03, -9.10459E-03, -9.30130E-03, -9.47549E-03, -9.62126E-03, -9.73180E-03, -9.79934E-03, -9.81506E-03, -9.76911E-03, -9.65062E-03, -9.44777E-03, -9.14812E-03, -8.73886E-03, -8.20747E-03, -7.54255E-03, -6.73501E-03, -5.77970E-03, -4.67743E-03, -3.43728E-03, -2.07919E-03, -6.36252E-04,  8.43868E-04,  2.29887E-03,  3.65423E-03,  4.82815E-03,  5.73933E-03,  6.31645E-03,  6.50783E-03,  6.28907E-03,  5.66685E-03,  4.67785E-03,  3.38307E-03,  1.85921E-03,  1.88994E-04, -1.54746E-03, -3.27891E-03, -4.94672E-03, -6.50608E-03, -7.92540E-03, -9.18484E-03, -1.02743E-02, -1.11912E-02, -1.19392E-02, -1.25261E-02, -1.29629E-02, -1.32624E-02, -1.34390E-02, -1.35074E-02, -1.34821E-02, -1.33774E-02, -1.32066E-02, -1.29818E-02, -1.27141E-02, -1.24133E-02, -1.20877E-02, -1.17446E-02, -1.13901E-02, -1.10293E-02, -1.06662E-02, -1.03043E-02, -9.94612E-03, -9.59383E-03, -9.24897E-03, -8.91275E-03, -8.58599E-03, -8.26932E-03, -7.96307E-03, -7.66745E-03, -7.38251E-03, -7.10821E-03, -6.84443E-03, -6.59095E-03,
 -5.87302E-03, -6.10066E-03, -6.33513E-03, -6.57613E-03, -6.82327E-03, -7.07596E-03, -7.33351E-03, -7.59495E-03, -7.85911E-03, -8.12451E-03, -8.38933E-03, -8.65133E-03, -8.90779E-03, -9.15544E-03, -9.39034E-03, -9.60781E-03, -9.80232E-03, -9.96734E-03, -1.00953E-02, -1.01773E-02, -1.02033E-02, -1.01620E-02, -1.00405E-02, -9.82490E-03, -9.50001E-03, -9.05012E-03, -8.45941E-03, -7.71297E-03, -6.79815E-03, -5.70647E-03, -4.43607E-03, -2.99462E-03, -1.40264E-03,  3.03452E-04,  2.06904E-03,  3.82086E-03,  5.46935E-03,  6.91446E-03,  8.05525E-03,  8.80167E-03,  9.08748E-03,  8.87970E-03,  8.18465E-03,  7.04601E-03,  5.53774E-03,  3.75337E-03,  1.79340E-03, -2.45290E-04, -2.27722E-03, -4.23251E-03, -6.05817E-03, -7.71727E-03, -9.18678E-03, -1.04553E-02, -1.15206E-02, -1.23871E-02, -1.30649E-02, -1.35672E-02, -1.39101E-02, -1.41108E-02, -1.41870E-02, -1.41564E-02, -1.40360E-02, -1.38416E-02, -1.35875E-02, -1.32868E-02, -1.29507E-02, -1.25889E-02, -1.22097E-02, -1.18198E-02, -1.14248E-02, -1.10293E-02, -1.06367E-02, -1.02499E-02, -9.87104E-03, -9.50156E-03, -9.14265E-03, -8.79506E-03, -8.45928E-03, -8.13555E-03, -7.82397E-03, -7.52445E-03, -7.23686E-03, -6.96094E-03, -6.69640E-03,
 -5.93752E-03, -6.17455E-03, -6.41926E-03, -6.67141E-03, -6.93065E-03, -7.19648E-03, -7.46822E-03, -7.74495E-03, -8.02553E-03, -8.30848E-03, -8.59195E-03, -8.87365E-03, -9.15074E-03, -9.41978E-03, -9.67656E-03, -9.91604E-03, -1.01322E-02, -1.03177E-02, -1.04642E-02, -1.05618E-02, -1.05988E-02, -1.05622E-02, -1.04369E-02, -1.02065E-02, -9.85283E-03, -9.35672E-03, -8.69852E-03, -7.85922E-03, -6.82198E-03, -5.57435E-03, -4.11119E-03, -2.43826E-03, -5.76303E-04,  1.43488E-03,  3.53328E-03,  5.63350E-03,  7.62906E-03,  9.39908E-03,  1.08196E-02,  1.17784E-02,  1.21910E-02,  1.20141E-02,  1.12515E-02,  9.95427E-03,  8.21038E-03,  6.13213E-03,  3.84034E-03,  1.45120E-03, -9.32841E-04, -3.22825E-03, -5.37175E-03, -7.31919E-03, -9.04314E-03, -1.05300E-02, -1.17770E-02, -1.27899E-02, -1.35807E-02, -1.41658E-02, -1.45644E-02, -1.47978E-02, -1.48872E-02, -1.48542E-02, -1.47188E-02, -1.45001E-02, -1.42153E-02, -1.38793E-02, -1.35054E-02, -1.31047E-02, -1.26867E-02, -1.22589E-02, -1.18276E-02, -1.13976E-02, -1.09727E-02, -1.05558E-02, -1.01490E-02, -9.75385E-03, -9.37139E-03, -9.00228E-03, -8.64686E-03, -8.30524E-03, -7.97736E-03, -7.66304E-03, -7.36198E-03, -7.07383E-03, -6.79818E-03,
 -5.99524E-03, -6.24157E-03, -6.49646E-03, -6.75974E-03, -7.03111E-03, -7.31015E-03, -7.59622E-03, -7.88847E-03, -8.18578E-03, -8.48669E-03, -8.78933E-03, -9.09136E-03, -9.38984E-03, -9.68113E-03, -9.96077E-03, -1.02233E-02, -1.04621E-02, -1.06693E-02, -1.08353E-02, -1.09489E-02, -1.09970E-02, -1.09643E-02, -1.08336E-02, -1.05851E-02, -1.01975E-02, -9.64738E-03, -8.91081E-03, -7.96394E-03, -6.78504E-03, -5.35699E-03, -3.67070E-03, -1.72951E-03,  4.45902E-04,  2.81235E-03,  5.29989E-03,  7.80991E-03,  1.02171E-02,  1.23768E-02,  1.41386E-02,  1.53644E-02,  1.59479E-02,  1.58313E-02,  1.50144E-02,  1.35540E-02,  1.15531E-02,  9.14419E-03,  6.47081E-03,  3.67201E-03,  8.70653E-04, -1.83255E-03, -4.36078E-03, -6.66005E-03, -8.69641E-03, -1.04527E-02, -1.19252E-02, -1.31205E-02, -1.40531E-02, -1.47431E-02, -1.52139E-02, -1.54912E-02, -1.56013E-02, -1.55699E-02, -1.54215E-02, -1.51786E-02, -1.48617E-02, -1.44886E-02, -1.40745E-02, -1.36326E-02, -1.31733E-02, -1.27053E-02, -1.22355E-02, -1.17691E-02, -1.13102E-02, -1.08618E-02, -1.04260E-02, -1.00043E-02, -9.59759E-03, -9.20638E-03, -8.83088E-03, -8.47104E-03, -8.12666E-03, -7.79740E-03, -7.48280E-03, -7.18240E-03, -6.89564E-03,
 -6.04534E-03, -6.30077E-03, -6.56569E-03, -6.83998E-03, -7.12342E-03, -7.41563E-03, -7.71607E-03, -8.02393E-03, -8.33815E-03, -8.65728E-03, -8.97946E-03, -9.30229E-03, -9.62274E-03, -9.93696E-03, -1.02402E-02, -1.05266E-02, -1.07889E-02, -1.10184E-02, -1.12043E-02, -1.13341E-02, -1.13927E-02, -1.13625E-02, -1.12232E-02, -1.09519E-02, -1.05230E-02, -9.90848E-03, -9.07918E-03, -8.00562E-03, -6.66033E-03, -5.02064E-03, -3.07280E-03, -8.17068E-04,  1.72627E-03,  4.51058E-03,  7.45744E-03,  1.04537E-02,  1.33530E-02,  1.59845E-02,  1.81670E-02,  1.97320E-02,  2.05461E-02,  2.05330E-02,  1.96846E-02,  1.80614E-02,  1.57804E-02,  1.29960E-02,  9.87788E-03,  6.59199E-03,  3.28692E-03,  8.57700E-05, -2.91630E-03, -5.65151E-03, -8.07657E-03, -1.01690E-02, -1.19234E-02, -1.33473E-02, -1.44584E-02, -1.52812E-02, -1.58449E-02, -1.61809E-02, -1.63211E-02, -1.62972E-02, -1.61386E-02, -1.58723E-02, -1.55228E-02, -1.51110E-02, -1.46548E-02, -1.41693E-02, -1.36665E-02, -1.31562E-02, -1.26460E-02, -1.21415E-02, -1.16472E-02, -1.11661E-02, -1.07003E-02, -1.02513E-02, -9.81971E-03, -9.40597E-03, -9.01010E-03, -8.63186E-03, -8.27087E-03, -7.92662E-03, -7.59851E-03, -7.28591E-03, -6.98814E-03,
 -6.08690E-03, -6.35120E-03, -6.62590E-03, -6.91097E-03, -7.20627E-03, -7.51152E-03, -7.82622E-03, -8.14966E-03, -8.48082E-03, -8.81828E-03, -9.16019E-03, -9.50411E-03, -9.84690E-03, -1.01845E-02, -1.05120E-02, -1.08228E-02, -1.11091E-02, -1.13612E-02, -1.15670E-02, -1.17125E-02, -1.17803E-02, -1.17499E-02, -1.15979E-02, -1.12972E-02, -1.08173E-02, -1.01247E-02, -9.18413E-03, -7.95933E-03, -6.41593E-03, -4.52461E-03, -2.26588E-03,  3.63925E-04,  3.34544E-03,  6.62865E-03,  1.01260E-02,  1.37084E-02,  1.72062E-02,  2.04179E-02,  2.31277E-02,  2.51299E-02,  2.62580E-02,  2.64102E-02,  2.55647E-02,  2.37817E-02,  2.11912E-02,  1.79709E-02,  1.43210E-02,  1.04413E-02,  6.51365E-03,  2.69151E-03, -9.04666E-04, -4.18787E-03, -7.10179E-03, -9.61673E-03, -1.17249E-02, -1.34354E-02, -1.47705E-02, -1.57607E-02, -1.64425E-02, -1.68550E-02, -1.70374E-02, -1.70283E-02, -1.68635E-02, -1.65756E-02, -1.61934E-02, -1.57419E-02, -1.52421E-02, -1.47111E-02, -1.41629E-02, -1.36084E-02, -1.30560E-02, -1.25121E-02, -1.19811E-02, -1.14664E-02, -1.09699E-02, -1.04929E-02, -1.00361E-02, -9.59958E-03, -9.18318E-03, -8.78650E-03, -8.40892E-03, -8.04976E-03, -7.70826E-03, -7.38361E-03, -7.07501E-03,
 -6.11904E-03, -6.39184E-03, -6.67597E-03, -6.97150E-03, -7.27837E-03, -7.59637E-03, -7.92511E-03, -8.26392E-03, -8.61188E-03, -8.96761E-03, -9.32927E-03, -9.69437E-03, -1.00597E-02, -1.04210E-02, -1.07728E-02, -1.11083E-02, -1.14188E-02, -1.16935E-02, -1.19190E-02, -1.20790E-02, -1.21538E-02, -1.21197E-02, -1.19494E-02, -1.16108E-02, -1.10676E-02, -1.02800E-02, -9.20495E-03, -7.79815E-03, -6.01670E-03, -3.82302E-03, -1.19026E-03,  1.89057E-03,  5.40208E-03,  9.29122E-03,  1.34610E-02,  1.77644E-02,  2.20054E-02,  2.59471E-02,  2.93316E-02,  3.19082E-02,  3.34669E-02,  3.38709E-02,  3.30755E-02,  3.11349E-02,  2.81901E-02,  2.44453E-02,  2.01382E-02,  1.55128E-02,  1.07965E-02,  6.18421E-03,  1.83166E-03, -2.14791E-03, -5.68076E-03, -8.72808E-03, -1.12799E-02, -1.33484E-02, -1.49624E-02, -1.61613E-02, -1.69912E-02, -1.75010E-02, -1.77397E-02, -1.77544E-02, -1.75887E-02, -1.72815E-02, -1.68676E-02, -1.63759E-02, -1.58311E-02, -1.52533E-02, -1.46580E-02, -1.40579E-02, -1.34622E-02, -1.28776E-02, -1.23092E-02, -1.17601E-02, -1.12324E-02, -1.07272E-02, -1.02449E-02, -9.78560E-03, -9.34874E-03, -8.93371E-03, -8.53971E-03, -8.16585E-03, -7.81118E-03, -7.47474E-03, -7.15558E-03,
 -6.14086E-03, -6.42171E-03, -6.71482E-03, -7.02036E-03, -7.33836E-03, -7.66870E-03, -8.01108E-03, -8.36493E-03, -8.72938E-03, -9.10312E-03, -9.48432E-03, -9.87049E-03, -1.02583E-02, -1.06432E-02, -1.10195E-02, -1.13796E-02, -1.17143E-02, -1.20111E-02, -1.22553E-02, -1.24283E-02, -1.25074E-02, -1.24652E-02, -1.22696E-02, -1.18829E-02, -1.12621E-02, -1.03590E-02, -9.12156E-03, -7.49550E-03, -5.42717E-03, -2.86827E-03,  2.17891E-04,  3.84806E-03,  8.00885E-03,  1.26455E-02,  1.76512E-02,  2.28596E-02,  2.80437E-02,  3.29242E-02,  3.71909E-02,  4.05348E-02,  4.26879E-02,  4.34622E-02,  4.27782E-02,  4.06753E-02,  3.73041E-02,  3.29007E-02,  2.77531E-02,  2.21657E-02,  1.64287E-02,  1.07958E-02,  5.47020E-03,  6.00800E-04, -3.71679E-03, -7.43354E-03, -1.05387E-02, -1.30505E-02, -1.50079E-02, -1.64629E-02, -1.74751E-02, -1.81062E-02, -1.84173E-02, -1.84660E-02, -1.83054E-02, -1.79824E-02, -1.75379E-02, -1.70063E-02, -1.64162E-02, -1.57905E-02, -1.51473E-02, -1.45005E-02, -1.38605E-02, -1.32347E-02, -1.26283E-02, -1.20445E-02, -1.14854E-02, -1.09520E-02, -1.04444E-02, -9.96241E-03, -9.50531E-03, -9.07223E-03, -8.66213E-03, -8.27392E-03, -7.90643E-03, -7.55855E-03, -7.22917E-03,
 -6.15143E-03, -6.43978E-03, -6.74133E-03, -7.05633E-03, -7.38489E-03, -7.72702E-03, -8.08249E-03, -8.45085E-03, -8.83130E-03, -9.22261E-03, -9.62296E-03, -1.00298E-02, -1.04398E-02, -1.08481E-02, -1.12486E-02, -1.16331E-02, -1.19913E-02, -1.23097E-02, -1.25715E-02, -1.27553E-02, -1.28354E-02, -1.27801E-02, -1.25515E-02, -1.21052E-02, -1.13901E-02, -1.03484E-02, -8.91672E-03, -7.02815E-03, -4.61542E-03, -1.61602E-03,  2.02041E-03,  6.32229E-03,  1.12839E-02,  1.68515E-02,  2.29098E-02,  2.92713E-02,  3.56724E-02,  4.17813E-02,  4.72200E-02,  5.16011E-02,  5.45754E-02,  5.58815E-02,  5.53855E-02,  5.31017E-02,  4.91894E-02,  4.39280E-02,  3.76752E-02,  3.08216E-02,  2.37462E-02,  1.67834E-02,  1.02019E-02,  4.19556E-03, -1.11335E-03, -5.66612E-03, -9.45472E-03, -1.25087E-02, -1.48828E-02, -1.66471E-02, -1.78790E-02, -1.86573E-02, -1.90581E-02, -1.91523E-02, -1.90039E-02, -1.86691E-02, -1.81963E-02, -1.76257E-02, -1.69903E-02, -1.63166E-02, -1.56250E-02, -1.49313E-02, -1.42468E-02, -1.35795E-02, -1.29350E-02, -1.23167E-02, -1.17265E-02, -1.11651E-02, -1.06325E-02, -1.01283E-02, -9.65142E-03, -9.20077E-03, -8.77506E-03, -8.37297E-03, -7.99317E-03, -7.63431E-03, -7.29515E-03,
 -6.14986E-03, -6.44509E-03, -6.75441E-03, -7.07817E-03, -7.41660E-03, -7.76981E-03, -8.13767E-03, -8.51985E-03, -8.91562E-03, -9.32382E-03, -9.74271E-03, -1.01697E-02, -1.06013E-02, -1.10324E-02, -1.14566E-02, -1.18650E-02, -1.22462E-02, -1.25852E-02, -1.28629E-02, -1.30555E-02, -1.31330E-02, -1.30588E-02, -1.27891E-02, -1.22711E-02, -1.14442E-02, -1.02390E-02, -8.57835E-03, -6.37952E-03, -3.55761E-03, -3.11683E-05,  4.26934E-03,  9.39014E-03,  1.53392E-02,  2.20692E-02,  2.94594E-02,  3.73004E-02,  4.52853E-02,  5.30157E-02,  6.00236E-02,  6.58132E-02,  6.99200E-02,  7.19748E-02,  7.17624E-02,  6.92575E-02,  6.46309E-02,  5.82235E-02,  5.04946E-02,  4.19580E-02,  3.31184E-02,  2.44216E-02,  1.62223E-02,  8.77137E-03,  2.22030E-03, -3.36567E-03, -7.98792E-03, -1.16953E-02, -1.45667E-02, -1.66973E-02, -1.81887E-02, -1.91413E-02, -1.96501E-02, -1.98016E-02, -1.96733E-02, -1.93315E-02, -1.88332E-02, -1.82254E-02, -1.75457E-02, -1.68246E-02, -1.60853E-02, -1.53449E-02, -1.46162E-02, -1.39079E-02, -1.32259E-02, -1.25735E-02, -1.19528E-02, -1.13641E-02, -1.08073E-02, -1.02815E-02, -9.78560E-03, -9.31806E-03, -8.87742E-03, -8.46209E-03, -8.07055E-03, -7.70129E-03, -7.35289E-03,
 -6.13531E-03, -6.43664E-03, -6.75296E-03, -7.08469E-03, -7.43216E-03, -7.79559E-03, -8.17498E-03, -8.57008E-03, -8.98029E-03, -9.40454E-03, -9.84109E-03, -1.02874E-02, -1.07398E-02, -1.11930E-02, -1.16402E-02, -1.20717E-02, -1.24748E-02, -1.28332E-02, -1.31254E-02, -1.33243E-02, -1.33956E-02, -1.32974E-02, -1.29783E-02, -1.23768E-02, -1.14208E-02, -1.00270E-02, -8.10168E-03, -5.54256E-03, -2.24210E-03,  1.90634E-03,  6.99921E-03,  1.31092E-02,  2.02676E-02,  2.84422E-02,  3.75133E-02,  4.72505E-02,  5.72972E-02,  6.71697E-02,  7.62788E-02,  8.39782E-02,  8.96375E-02,  9.27309E-02,  9.29231E-02,  9.01303E-02,  8.45409E-02,  7.65870E-02,  6.68767E-02,  5.61009E-02,  4.49410E-02,  3.39939E-02,  2.37256E-02,  1.44558E-02,  6.36514E-03, -4.81601E-04, -6.10608E-03, -1.05884E-02, -1.40429E-02, -1.65993E-02, -1.83908E-02, -1.95451E-02, -2.01802E-02, -2.04015E-02, -2.03013E-02, -1.99582E-02, -1.94383E-02, -1.87957E-02, -1.80740E-02, -1.73070E-02, -1.65211E-02, -1.57352E-02, -1.49636E-02, -1.42154E-02, -1.34970E-02, -1.28118E-02, -1.21616E-02, -1.15467E-02, -1.09667E-02, -1.04204E-02, -9.90639E-03, -9.42287E-03, -8.96812E-03, -8.54036E-03, -8.13783E-03, -7.75885E-03, -7.40184E-03,
 -6.10691E-03, -6.41352E-03, -6.73593E-03, -7.07470E-03, -7.43024E-03, -7.80290E-03, -8.19277E-03, -8.59973E-03, -9.02331E-03, -9.46250E-03, -9.91565E-03, -1.03802E-02, -1.08523E-02, -1.13267E-02, -1.17958E-02, -1.22493E-02, -1.26735E-02, -1.30499E-02, -1.33550E-02, -1.35579E-02, -1.36200E-02, -1.34929E-02, -1.31172E-02, -1.24214E-02, -1.13203E-02, -9.71446E-03, -7.49039E-03, -4.52173E-03, -6.72368E-04,  4.19741E-03,  1.02209E-02,  1.75097E-02,  2.61321E-02,  3.60848E-02,  4.72602E-02,  5.94123E-02,  7.21279E-02,  8.48161E-02,  9.67264E-02,  1.07000E-01,  1.14774E-01,  1.19294E-01,  1.20048E-01,  1.16869E-01,  1.09976E-01,  9.99351E-02,  8.75715E-02,  7.38307E-02,  5.96383E-02,  4.57936E-02,  3.29041E-02,  2.13683E-02,  1.13923E-02,  3.02766E-03, -3.78425E-03, -9.17136E-03, -1.32978E-02, -1.63401E-02, -1.84719E-02, -1.98549E-02, -2.06345E-02, -2.09381E-02, -2.08747E-02, -2.05366E-02, -1.99999E-02, -1.93264E-02, -1.85655E-02, -1.77555E-02, -1.69253E-02, -1.60964E-02, -1.52838E-02, -1.44977E-02, -1.37446E-02, -1.30283E-02, -1.23502E-02, -1.17107E-02, -1.11089E-02, -1.05434E-02, -1.00124E-02, -9.51402E-03, -9.04621E-03, -8.60694E-03, -8.19427E-03, -7.80637E-03, -7.44147E-03,
 -6.06388E-03, -6.37483E-03, -6.70235E-03, -7.04710E-03, -7.40961E-03, -7.79031E-03, -8.18947E-03, -8.60706E-03, -9.04270E-03, -9.49553E-03, -9.96395E-03, -1.04454E-02, -1.09360E-02, -1.14302E-02, -1.19200E-02, -1.23942E-02, -1.28381E-02, -1.32314E-02, -1.35478E-02, -1.37528E-02, -1.38030E-02, -1.36432E-02, -1.32055E-02, -1.24069E-02, -1.11475E-02, -9.30967E-03, -6.75668E-03, -3.33319E-03,  1.13242E-03,  6.82261E-03,  1.39204E-02,  2.25923E-02,  3.29627E-02,  4.50780E-02,  5.88613E-02,  7.40614E-02,  9.02056E-02,  1.06571E-01,  1.22190E-01,  1.35919E-01,  1.46556E-01,  1.53021E-01,  1.54549E-01,  1.50855E-01,  1.42197E-01,  1.29351E-01,  1.13454E-01,  9.58102E-02,  7.76836E-02,  6.01386E-02,  4.39587E-02,  2.96288E-02,  1.73698E-02,  7.19975E-03, -1.00058E-03, -7.42908E-03, -1.23185E-02, -1.59066E-02, -1.84181E-02, -2.00559E-02, -2.09977E-02, -2.13959E-02, -2.13789E-02, -2.10530E-02, -2.05054E-02, -1.98062E-02, -1.90108E-02, -1.81616E-02, -1.72908E-02, -1.64219E-02, -1.55713E-02, -1.47500E-02, -1.39649E-02, -1.32197E-02, -1.25160E-02, -1.18537E-02, -1.12319E-02, -1.06488E-02, -1.01024E-02, -9.59046E-03, -9.11077E-03, -8.66109E-03, -8.23927E-03, -7.84331E-03, -7.47133E-03,
 -6.00548E-03, -6.31972E-03, -6.65126E-03, -7.00081E-03, -7.36905E-03, -7.75650E-03, -8.16356E-03, -8.59033E-03, -9.03656E-03, -9.50148E-03, -9.98359E-03, -1.04804E-02, -1.09879E-02, -1.15003E-02, -1.20092E-02, -1.25029E-02, -1.29651E-02, -1.33738E-02, -1.37001E-02, -1.39059E-02, -1.39425E-02, -1.37476E-02, -1.32442E-02, -1.23370E-02, -1.09103E-02, -8.82574E-03, -5.91988E-03, -2.00314E-03,  3.13951E-03,  9.74468E-03,  1.80610E-02,  2.83312E-02,  4.07618E-02,  5.54781E-02,  7.24628E-02,  9.14805E-02,  1.12002E-01,  1.33145E-01,  1.53662E-01,  1.72013E-01,  1.86523E-01,  1.95643E-01,  1.98240E-01,  1.93854E-01,  1.82818E-01,  1.66208E-01,  1.45617E-01,  1.22857E-01,  9.96497E-02,  7.74066E-02,  5.71241E-02,  3.93752E-02,  2.43753E-02,  1.20777E-02,  2.27051E-03, -5.34360E-03, -1.10894E-02, -1.52830E-02, -1.82127E-02, -2.01309E-02, -2.12527E-02, -2.17587E-02, -2.17980E-02, -2.14929E-02, -2.09419E-02, -2.02235E-02, -1.93993E-02, -1.85163E-02, -1.76099E-02, -1.67055E-02, -1.58209E-02, -1.49681E-02, -1.41543E-02, -1.33832E-02, -1.26565E-02, -1.19739E-02, -1.13341E-02, -1.07353E-02, -1.01752E-02, -9.65125E-03, -9.16105E-03, -8.70217E-03, -8.27229E-03, -7.86926E-03, -7.49106E-03,
 -5.93103E-03, -6.24744E-03, -6.58177E-03, -6.93485E-03, -7.30745E-03, -7.70020E-03, -8.11361E-03, -8.54794E-03, -9.00305E-03, -9.47831E-03, -9.97231E-03, -1.04826E-02, -1.10051E-02, -1.15339E-02, -1.20602E-02, -1.25715E-02, -1.30504E-02, -1.34733E-02, -1.38084E-02, -1.40139E-02, -1.40360E-02, -1.38053E-02, -1.32350E-02, -1.22170E-02, -1.06187E-02, -8.27884E-03, -5.00386E-03, -5.64328E-04,  5.30709E-03,  1.29146E-02,  2.25921E-02,  3.46851E-02,  4.95177E-02,  6.73359E-02,  8.82254E-02,  1.12004E-01,  1.38101E-01,  1.65452E-01,  1.92449E-01,  2.17010E-01,  2.36791E-01,  2.49561E-01,  2.53646E-01,  2.48335E-01,  2.34074E-01,  2.12389E-01,  1.85542E-01,  1.56060E-01,  1.26291E-01,  9.80906E-02,  7.27062E-02,  5.07890E-02,  3.25134E-02,  1.77223E-02,  6.06646E-03, -2.88843E-03, -9.58836E-03, -1.44490E-02, -1.78360E-02, -2.00605E-02, -2.13807E-02, -2.20084E-02, -2.21159E-02, -2.18415E-02, -2.12960E-02, -2.05666E-02, -1.97212E-02, -1.88113E-02, -1.78753E-02, -1.69412E-02, -1.60278E-02, -1.51479E-02, -1.43093E-02, -1.35160E-02, -1.27694E-02, -1.20692E-02, -1.14141E-02, -1.08018E-02, -1.02299E-02, -9.69564E-03, -9.19644E-03, -8.72968E-03, -8.29292E-03, -7.88386E-03, -7.50037E-03,
 -5.83992E-03, -6.15729E-03, -6.49313E-03, -6.84834E-03, -7.22379E-03, -7.62024E-03, -8.03831E-03, -8.47839E-03, -8.94048E-03, -9.42407E-03, -9.92787E-03, -1.04495E-02, -1.09848E-02, -1.15279E-02, -1.20695E-02, -1.25964E-02, -1.30904E-02, -1.35259E-02, -1.38688E-02, -1.40736E-02, -1.40811E-02, -1.38152E-02, -1.31793E-02, -1.20521E-02, -1.02828E-02, -7.68573E-03, -4.03373E-03,  9.48352E-04,  7.58998E-03,  1.62787E-02,  2.74572E-02,  4.16088E-02,  5.92209E-02,  8.07190E-02,  1.06359E-01,  1.36073E-01,  1.69292E-01,  2.04757E-01,  2.40405E-01,  2.73415E-01,  3.00483E-01,  3.18363E-01,  3.24563E-01,  3.17992E-01,  2.99281E-01,  2.70651E-01,  2.35357E-01,  1.96957E-01,  1.58650E-01,  1.22863E-01,  9.11194E-02,  6.41175E-02,  4.19295E-02,  2.42204E-02,  1.04421E-02, -2.53404E-05, -7.78557E-03, -1.33787E-02, -1.72647E-02, -1.98231E-02, -2.13617E-02, -2.21270E-02, -2.23158E-02, -2.20842E-02, -2.15551E-02, -2.08247E-02, -1.99672E-02, -1.90388E-02, -1.80809E-02, -1.71236E-02, -1.61874E-02, -1.52859E-02, -1.44273E-02, -1.36158E-02, -1.28530E-02, -1.21385E-02, -1.14707E-02, -1.08474E-02, -1.02658E-02, -9.72308E-03, -9.21650E-03, -8.74329E-03, -8.30089E-03, -7.88689E-03, -7.49908E-03,
 -5.73162E-03, -6.04866E-03, -6.38461E-03, -6.74046E-03, -7.11716E-03, -7.51558E-03, -7.93645E-03, -8.38030E-03, -8.84727E-03, -9.33697E-03, -9.84823E-03, -1.03787E-02, -1.09245E-02, -1.14793E-02, -1.20337E-02, -1.25741E-02, -1.30811E-02, -1.35275E-02, -1.38771E-02, -1.40809E-02, -1.40748E-02, -1.37760E-02, -1.30779E-02, -1.18461E-02, -9.91120E-03, -7.06137E-03, -3.03272E-03,  2.50186E-03,  9.94484E-03,  1.97848E-02,  3.26020E-02,  4.90598E-02,  6.98708E-02,  9.57217E-02,  1.27137E-01,  1.64274E-01,  2.06650E-01,  2.52835E-01,  3.00216E-01,  3.44963E-01,  3.82359E-01,  4.07599E-01,  4.16898E-01,  4.08558E-01,  3.83523E-01,  3.45127E-01,  2.98168E-01,  2.47720E-01,  1.98159E-01,  1.52621E-01,  1.12903E-01,  7.96777E-02,  5.28087E-02,  3.16823E-02,  1.54672E-02,  3.29341E-03, -5.64509E-03, -1.20431E-02, -1.64736E-02, -1.93967E-02, -2.11761E-02, -2.20970E-02, -2.23826E-02, -2.22076E-02, -2.17077E-02, -2.09880E-02, -2.01292E-02, -1.91919E-02, -1.82209E-02, -1.72483E-02, -1.62963E-02, -1.53793E-02, -1.45060E-02, -1.36810E-02, -1.29061E-02, -1.21807E-02, -1.15033E-02, -1.08715E-02, -1.02824E-02, -9.73326E-03, -9.22100E-03, -8.74282E-03, -8.29607E-03, -7.87827E-03, -7.48714E-03,
 -5.60569E-03, -5.92106E-03, -6.25566E-03, -6.61055E-03, -6.98678E-03, -7.38531E-03, -7.80699E-03, -8.25245E-03, -8.72200E-03, -9.21536E-03, -9.73150E-03, -1.02682E-02, -1.08215E-02, -1.13853E-02, -1.19499E-02, -1.25009E-02, -1.30183E-02, -1.34739E-02, -1.38291E-02, -1.40317E-02, -1.40133E-02, -1.36844E-02, -1.29294E-02, -1.16005E-02, -9.50960E-03, -6.41734E-03, -2.02003E-03,  4.06748E-03,  1.23320E-02,  2.33833E-02,  3.79719E-02,  5.69932E-02,  8.14630E-02,  1.12440E-01,  1.50867E-01,  1.97303E-01,  2.51525E-01,  3.12045E-01,  3.75630E-01,  4.37083E-01,  4.89579E-01,  5.25811E-01,  5.39825E-01,  5.28901E-01,  4.94524E-01,  4.41919E-01,  3.78381E-01,  3.11294E-01,  2.46658E-01,  1.88450E-01,  1.38678E-01,  9.78151E-02,  6.53443E-02,  4.02195E-02,  2.12101E-02,  7.11383E-03, -3.13280E-03, -1.04146E-02, -1.54397E-02, -1.87614E-02, -2.08066E-02, -2.19034E-02, -2.23035E-02, -2.22009E-02, -2.17446E-02, -2.10489E-02, -2.02009E-02, -1.92658E-02, -1.82914E-02, -1.73124E-02, -1.63521E-02, -1.54262E-02, -1.45441E-02, -1.37106E-02, -1.29278E-02, -1.21953E-02, -1.15114E-02, -1.08739E-02, -1.02798E-02, -9.72614E-03, -9.20993E-03, -8.72830E-03, -8.27852E-03, -7.85805E-03, -7.46460E-03,
 -5.46181E-03, -5.77408E-03, -6.10579E-03, -6.45805E-03, -6.83200E-03, -7.22868E-03, -7.64903E-03, -8.09382E-03, -8.56346E-03, -9.05782E-03, -9.57601E-03, -1.01159E-02, -1.06738E-02, -1.12432E-02, -1.18145E-02, -1.23732E-02, -1.28984E-02, -1.33608E-02, -1.37198E-02, -1.39210E-02, -1.38917E-02, -1.35363E-02, -1.27307E-02, -1.13145E-02, -9.08041E-03, -5.76104E-03, -1.01034E-03,  5.62067E-03,  1.47143E-02,  2.70222E-02,  4.35004E-02,  6.53360E-02,  9.39423E-02,  1.30895E-01,  1.77765E-01,  2.35791E-01,  3.05337E-01,  3.85133E-01,  4.71389E-01,  5.57129E-01,  6.32338E-01,  6.85566E-01,  7.07044E-01,  6.92179E-01,  6.43460E-01,  5.69480E-01,  4.81753E-01,  3.91246E-01,  3.06185E-01,  2.31440E-01,  1.68988E-01,  1.18792E-01,  7.96610E-02,  4.98939E-02,  2.77056E-02,  1.14593E-02, -2.30215E-04, -8.47749E-03, -1.41489E-02, -1.79046E-02, -2.02423E-02, -2.15366E-02, -2.20703E-02, -2.20572E-02, -2.16602E-02, -2.10030E-02, -2.01788E-02, -1.92576E-02, -1.82905E-02, -1.73141E-02, -1.63538E-02, -1.54261E-02, -1.45411E-02, -1.37045E-02, -1.29183E-02, -1.21824E-02, -1.14954E-02, -1.08549E-02, -1.02581E-02, -9.70195E-03, -9.18354E-03, -8.69994E-03, -8.24842E-03, -7.82642E-03, -7.43162E-03,
 -5.29972E-03, -5.60743E-03, -5.93466E-03, -6.28256E-03, -6.65232E-03, -7.04508E-03, -7.46187E-03, -7.90354E-03, -8.37063E-03, -8.86314E-03, -9.38031E-03, -9.92017E-03, -1.04790E-02, -1.10506E-02, -1.16250E-02, -1.21878E-02, -1.27174E-02, -1.31836E-02, -1.35447E-02, -1.37436E-02, -1.37043E-02, -1.33262E-02, -1.24771E-02, -1.09845E-02, -8.62286E-03, -5.09636E-03, -1.50293E-05,  7.13830E-03,  1.70510E-02,  3.06349E-02,  4.90864E-02,  7.39445E-02,  1.07124E-01,  1.50894E-01,  2.07723E-01,  2.79939E-01,  3.69031E-01,  4.74534E-01,  5.92468E-01,  7.13765E-01,  8.23687E-01,  9.03823E-01,  9.37435E-01,  9.16361E-01,  8.44992E-01,  7.38156E-01,  6.14662E-01,  4.91032E-01,  3.78368E-01,  2.82225E-01,  2.04004E-01,  1.42596E-01,  9.56938E-02,  6.06424E-02,  3.49074E-02,  1.63012E-02,  3.04693E-03, -6.23882E-03, -1.26033E-02, -1.68256E-02, -1.94812E-02, -2.09946E-02, -2.16807E-02, -2.17748E-02, -2.14533E-02, -2.08491E-02, -2.00624E-02, -1.91672E-02, -1.82181E-02, -1.72541E-02, -1.63019E-02, -1.53795E-02, -1.44980E-02, -1.36633E-02, -1.28782E-02, -1.21427E-02, -1.14558E-02, -1.08150E-02, -1.02178E-02, -9.66123E-03, -9.14230E-03, -8.65817E-03, -8.20615E-03, -7.78369E-03, -7.38849E-03,
 -5.11930E-03, -5.42095E-03, -5.74205E-03, -6.08380E-03, -6.44743E-03, -6.83413E-03, -7.24500E-03, -7.68101E-03, -8.14275E-03, -8.63038E-03, -9.14326E-03, -9.67952E-03, -1.02356E-02, -1.08053E-02, -1.13789E-02, -1.19415E-02, -1.24715E-02, -1.29381E-02, -1.32985E-02, -1.34938E-02, -1.34453E-02, -1.30478E-02, -1.21623E-02, -1.06053E-02, -8.13398E-03, -4.42508E-03,  9.55352E-04,  8.59433E-03,  1.92900E-02,  3.41266E-02,  5.45672E-02,  8.25545E-02,  1.20603E-01,  1.71849E-01,  2.39980E-01,  3.28926E-01,  4.42093E-01,  5.80840E-01,  7.41974E-01,  9.14501E-01,  1.07716E+00,  1.20001E+00,  1.25351E+00,  1.22247E+00,  1.11499E+00,  9.57666E-01,  7.81825E-01,  6.12235E-01,  4.63229E-01,  3.40246E-01,  2.43075E-01,  1.68675E-01,  1.13040E-01,  7.21908E-02,  4.26385E-02,  2.15282E-02,  6.63021E-03, -3.74052E-03, -1.08286E-02, -1.55409E-02, -1.85341E-02, -2.02847E-02, -2.11407E-02, -2.13582E-02, -2.11275E-02, -2.05910E-02, -1.98548E-02, -1.89976E-02, -1.80771E-02, -1.71346E-02, -1.61987E-02, -1.52887E-02, -1.44164E-02, -1.35889E-02, -1.28091E-02, -1.20777E-02, -1.13938E-02, -1.07554E-02, -1.01600E-02, -9.60479E-03, -9.08692E-03, -8.60362E-03, -8.15225E-03, -7.73034E-03, -7.33561E-03,
 -4.92053E-03, -5.21459E-03, -5.52789E-03, -5.86166E-03, -6.21714E-03, -6.59559E-03, -6.99815E-03, -7.42583E-03, -7.87933E-03, -8.35891E-03, -8.86402E-03, -9.39294E-03, -9.94219E-03, -1.05057E-02, -1.10739E-02, -1.16318E-02, -1.21578E-02, -1.26207E-02, -1.29769E-02, -1.31664E-02, -1.31085E-02, -1.26943E-02, -1.17794E-02, -1.01706E-02, -7.60991E-03, -3.74864E-03,  1.88861E-03,  9.95642E-03,  2.13619E-02,  3.73639E-02,  5.97006E-02,  9.07443E-02,  1.33673E-01,  1.92628E-01,  2.72795E-01,  3.80246E-01,  5.21237E-01,  7.00413E-01,  9.17205E-01,  1.16003E+00,  1.39978E+00,  1.58869E+00,  1.67410E+00,  1.62721E+00,  1.46334E+00,  1.23083E+00,  9.81659E-01,  7.51587E-01,  5.57460E-01,  4.02821E-01,  2.84250E-01,  1.95705E-01,  1.30831E-01,  8.39878E-02,  5.05540E-02,  2.69264E-02,  1.03864E-02, -1.06639E-03, -8.87907E-03, -1.40866E-02, -1.74265E-02, -1.94258E-02, -2.04645E-02, -2.08189E-02, -2.06926E-02, -2.02365E-02, -1.95629E-02, -1.87547E-02, -1.78726E-02, -1.69603E-02, -1.60483E-02, -1.51570E-02, -1.42997E-02, -1.34838E-02, -1.27133E-02, -1.19893E-02, -1.13113E-02, -1.06776E-02, -1.00859E-02, -9.53373E-03, -9.01832E-03, -8.53706E-03, -8.08740E-03, -7.66694E-03, -7.27346E-03,
 -4.70352E-03, -4.98845E-03, -5.29227E-03, -5.61619E-03, -5.96151E-03, -6.32945E-03, -6.72123E-03, -7.13787E-03, -7.58016E-03, -8.04840E-03, -8.54215E-03, -9.05978E-03, -9.59796E-03, -1.01508E-02, -1.07086E-02, -1.12569E-02, -1.17737E-02, -1.22280E-02, -1.25759E-02, -1.27568E-02, -1.26883E-02, -1.22596E-02, -1.13217E-02, -9.67439E-03, -7.04693E-03, -3.06935E-03,  2.76965E-03,  1.11844E-02,  2.31802E-02,  4.01759E-02,  6.41673E-02,  9.79391E-02,  1.45327E-01,  2.11510E-01,  3.03304E-01,  4.29267E-01,  5.99278E-01,  8.22773E-01,  1.10430E+00,  1.43467E+00,  1.77781E+00,  2.06154E+00,  2.19494E+00,  2.12416E+00,  1.87794E+00,  1.54228E+00,  1.19952E+00,  8.97458E-01,  6.52791E-01,  4.64443E-01,  3.24011E-01,  2.21482E-01,  1.47710E-01,  9.52006E-02,  5.81430E-02,  3.21810E-02,  1.41198E-02,  1.65884E-03, -6.83638E-03, -1.25184E-02, -1.61978E-02, -1.84473E-02, -1.96750E-02, -2.01754E-02, -2.01638E-02, -1.97987E-02, -1.91978E-02, -1.84479E-02, -1.76127E-02, -1.67382E-02, -1.58565E-02, -1.49896E-02, -1.41519E-02, -1.33518E-02, -1.25939E-02, -1.18802E-02, -1.12104E-02, -1.05834E-02, -9.99714E-03, -9.44940E-03, -8.93768E-03, -8.45949E-03, -8.01242E-03, -7.59419E-03, -7.20265E-03,
 -4.46847E-03, -4.74274E-03, -5.03537E-03, -5.34761E-03, -5.68070E-03, -6.03590E-03, -6.41441E-03, -6.81728E-03, -7.24532E-03, -7.69888E-03, -8.17756E-03, -8.67986E-03, -9.20252E-03, -9.73977E-03, -1.02822E-02, -1.08153E-02, -1.13175E-02, -1.17579E-02, -1.20925E-02, -1.22607E-02, -1.21800E-02, -1.17379E-02, -1.07833E-02, -9.11119E-03, -6.44208E-03, -2.39058E-03,  3.58142E-03,  1.22339E-02,  2.46489E-02,  4.23717E-02,  6.76060E-02,  1.03476E-01,  1.54370E-01,  2.26375E-01,  3.27782E-01,  4.69527E-01,  6.65196E-01,  9.29658E-01,  1.27441E+00,  1.69626E+00,  2.15609E+00,  2.55532E+00,  2.75039E+00,  2.64872E+00,  2.30014E+00,  1.84504E+00,  1.40204E+00,  1.02809E+00,  7.35750E-01,  5.17001E-01,  3.57527E-01,  2.43138E-01,  1.61965E-01,  1.04800E-01,  6.47830E-02,  3.69098E-02,  1.75907E-02,  4.28161E-03, -4.80265E-03, -1.09070E-02, -1.48995E-02, -1.73880E-02, -1.88028E-02, -1.94525E-02, -1.95613E-02, -1.92944E-02, -1.87737E-02, -1.80893E-02, -1.73077E-02, -1.64768E-02, -1.56306E-02, -1.47927E-02, -1.39783E-02, -1.31972E-02, -1.24547E-02, -1.17534E-02, -1.10938E-02, -1.04750E-02, -9.89553E-03, -9.35337E-03, -8.84629E-03, -8.37199E-03, -7.92823E-03, -7.51286E-03, -7.12383E-03,
 -4.21572E-03, -4.47779E-03, -4.75759E-03, -5.05628E-03, -5.37513E-03, -5.71534E-03, -6.07810E-03, -6.46446E-03, -6.87521E-03, -7.31072E-03, -7.77062E-03, -8.25346E-03, -8.75607E-03, -9.27280E-03, -9.79447E-03, -1.03067E-02, -1.07885E-02, -1.12089E-02, -1.15248E-02, -1.16760E-02, -1.15801E-02, -1.11253E-02, -1.01596E-02, -8.47662E-03, -5.79298E-03, -1.71554E-03,  4.30835E-03,  1.30645E-02,  2.56795E-02,  4.37739E-02,  6.96772E-02,  1.06722E-01,  1.59646E-01,  2.35119E-01,  3.42413E-01,  4.94098E-01,  7.06429E-01,  9.98453E-01,  1.38762E+00,  1.87733E+00,  2.42960E+00,  2.92675E+00,  3.17682E+00,  3.04773E+00,  2.61106E+00,  2.05945E+00,  1.54066E+00,  1.11532E+00,  7.90343E-01,  5.51439E-01,  3.79638E-01,  2.57698E-01,  1.71853E-01,  1.11752E-01,  6.98464E-02,  4.07252E-02,  2.05537E-02,  6.64103E-03, -2.88725E-03, -9.33031E-03, -1.35893E-02, -1.62926E-02, -1.78837E-02, -1.86794E-02, -1.89099E-02, -1.87443E-02, -1.83079E-02, -1.76936E-02, -1.69699E-02, -1.61866E-02, -1.53795E-02, -1.45735E-02, -1.37852E-02, -1.30252E-02, -1.23000E-02, -1.16126E-02, -1.09644E-02, -1.03550E-02, -9.78316E-03, -9.24735E-03, -8.74558E-03, -8.27578E-03, -7.83587E-03, -7.42382E-03, -7.03772E-03,
 -3.94570E-03, -4.19410E-03, -4.45940E-03, -4.74276E-03, -5.04535E-03, -5.36837E-03, -5.71294E-03, -6.08008E-03, -6.47054E-03, -6.88466E-03, -7.32207E-03, -7.78134E-03, -8.25935E-03, -8.75058E-03, -9.24599E-03, -9.73164E-03, -1.01867E-02, -1.05811E-02, -1.08723E-02, -1.10013E-02, -1.08870E-02, -1.04190E-02, -9.44724E-03, -7.76708E-03, -5.09695E-03, -1.04492E-03,  4.94150E-03,  1.36500E-02,  2.62121E-02,  4.42596E-02,  7.01423E-02,  1.07231E-01,  1.60329E-01,  2.36227E-01,  3.44406E-01,  4.97794E-01,  7.13253E-01,  1.01079E+00,  1.40926E+00,  1.91370E+00,  2.48672E+00,  3.00665E+00,  3.27020E+00,  3.13551E+00,  2.67935E+00,  2.10666E+00,  1.57163E+00,  1.13548E+00,  8.03729E-01,  5.60691E-01,  3.86377E-01,  2.62884E-01,  1.76040E-01,  1.15252E-01,  7.28391E-02,  4.33141E-02,  2.28040E-02,  8.59748E-03, -1.18975E-03, -7.86249E-03, -1.23250E-02, -1.52078E-02, -1.69560E-02, -1.78883E-02, -1.82364E-02, -1.81713E-02, -1.78200E-02, -1.72772E-02, -1.66131E-02, -1.58793E-02, -1.51130E-02, -1.43403E-02, -1.35792E-02, -1.28415E-02, -1.21343E-02, -1.14617E-02, -1.08255E-02, -1.02259E-02, -9.66223E-03, -9.13318E-03, -8.63709E-03, -8.17210E-03, -7.73634E-03, -7.32792E-03, -6.94503E-03,
 -3.65898E-03, -3.89224E-03, -4.14145E-03, -4.40770E-03, -4.69211E-03, -4.99578E-03, -5.31979E-03, -5.66507E-03, -6.03231E-03, -6.42178E-03, -6.83309E-03, -7.26475E-03, -7.71369E-03, -8.17448E-03, -8.63826E-03, -9.09138E-03, -9.51356E-03, -9.87550E-03, -1.01358E-02, -1.02370E-02, -1.01001E-02, -9.61778E-03, -8.64388E-03, -6.97918E-03, -4.34969E-03, -3.74210E-04,  5.48394E-03,  1.39886E-02,  2.62349E-02,  4.37968E-02,  6.89332E-02,  1.04869E-01,  1.56173E-01,  2.29253E-01,  3.32961E-01,  4.79187E-01,  6.83076E-01,  9.61895E-01,  1.33044E+00,  1.78889E+00,  2.29828E+00,  2.74961E+00,  2.97474E+00,  2.86152E+00,  2.46982E+00,  1.96568E+00,  1.48313E+00,  1.08189E+00,  7.72073E-01,  5.42500E-01,  3.76385E-01,  2.57858E-01,  1.73993E-01,  1.14957E-01,  7.35285E-02,  4.45137E-02,  2.42220E-02,  1.00596E-02,  2.16730E-04, -6.56411E-03, -1.11579E-02, -1.41775E-02, -1.60579E-02, -1.71120E-02, -1.75692E-02, -1.75997E-02, -1.73306E-02, -1.68577E-02, -1.62523E-02, -1.55673E-02, -1.48412E-02, -1.41016E-02, -1.33676E-02, -1.26519E-02, -1.19626E-02, -1.13046E-02, -1.06803E-02, -1.00906E-02, -9.53499E-03, -9.01272E-03, -8.52234E-03, -8.06224E-03, -7.63073E-03, -7.22606E-03, -6.84652E-03,
 -3.35622E-03, -3.57294E-03, -3.80452E-03, -4.05197E-03, -4.31631E-03, -4.59858E-03, -4.89974E-03, -5.22062E-03, -5.56182E-03, -5.92351E-03, -6.30522E-03, -6.70539E-03, -7.12096E-03, -7.54651E-03, -7.97338E-03, -8.38825E-03, -8.77142E-03, -9.09450E-03, -9.31747E-03, -9.38486E-03, -9.22070E-03, -8.72176E-03, -7.74804E-03, -6.10911E-03, -3.54404E-03,  3.08556E-04,  5.95487E-03,  1.41111E-02,  2.57967E-02,  4.24660E-02,  6.61865E-02,  9.98764E-02,  1.47614E-01,  2.15009E-01,  3.09620E-01,  4.41245E-01,  6.21717E-01,  8.63283E-01,  1.17393E+00,  1.54717E+00,  1.94498E+00,  2.28275E+00,  2.44658E+00,  2.36603E+00,  2.07783E+00,  1.69064E+00,  1.30328E+00,  9.68732E-01,  7.02468E-01,  5.00433E-01,  3.51471E-01,  2.43545E-01,  1.66185E-01,  1.11096E-01,  7.20192E-02,  4.43584E-02,  2.48040E-02,  1.10027E-02,  1.29736E-03, -5.47409E-03, -1.01274E-02, -1.32395E-02, -1.52241E-02, -1.63821E-02, -1.69363E-02, -1.70538E-02, -1.68608E-02, -1.64529E-02, -1.59024E-02, -1.52632E-02, -1.45749E-02, -1.38663E-02, -1.31575E-02, -1.24624E-02, -1.17898E-02, -1.11454E-02, -1.05323E-02, -9.95162E-03, -9.40366E-03, -8.88777E-03, -8.40283E-03, -7.94744E-03, -7.52007E-03, -7.11909E-03, -6.74290E-03,
 -3.03818E-03, -3.23702E-03, -3.44950E-03, -3.67654E-03, -3.91904E-03, -4.17792E-03, -4.45406E-03, -4.74814E-03, -5.06062E-03, -5.39156E-03, -5.74036E-03, -6.10537E-03, -6.48344E-03, -6.86923E-03, -7.25417E-03, -7.62528E-03, -7.96348E-03, -8.24138E-03, -8.42053E-03, -8.44786E-03, -8.25099E-03, -7.73193E-03, -6.75850E-03, -5.15199E-03, -2.66920E-03,  1.02387E-03,  6.39079E-03,  1.40806E-02,  2.50071E-02,  4.04567E-02,  6.22329E-02,  9.28370E-02,  1.35688E-01,  1.95359E-01,  2.77777E-01,  3.90220E-01,  5.40759E-01,  7.36455E-01,  9.79280E-01,  1.25883E+00,  1.54291E+00,  1.77344E+00,  1.88221E+00,  1.83021E+00,  1.63719E+00,  1.36586E+00,  1.08064E+00,  8.22822E-01,  6.09552E-01,  4.42503E-01,  3.16066E-01,  2.22423E-01,  1.54013E-01,  1.04462E-01,  6.87506E-02,  4.30840E-02,  2.46662E-02,  1.14739E-02,  2.05949E-03, -4.60679E-03, -9.25874E-03, -1.24235E-02, -1.44851E-02, -1.57275E-02, -1.63640E-02, -1.65570E-02, -1.64306E-02, -1.60802E-02, -1.55781E-02, -1.49792E-02, -1.43241E-02, -1.36426E-02, -1.29559E-02, -1.22786E-02, -1.16205E-02, -1.09879E-02, -1.03843E-02, -9.81162E-03, -9.27031E-03, -8.76004E-03, -8.27997E-03, -7.82886E-03, -7.40530E-03, -7.00780E-03, -6.63482E-03,
 -2.70572E-03, -2.88543E-03, -3.07742E-03, -3.28250E-03, -3.50148E-03, -3.73514E-03, -3.98420E-03, -4.24921E-03, -4.53048E-03, -4.82791E-03, -5.14071E-03, -5.46713E-03, -5.80391E-03, -6.14568E-03, -6.48399E-03, -6.80618E-03, -7.09373E-03, -7.32033E-03, -7.44922E-03, -7.42997E-03, -7.19418E-03, -6.64991E-03, -5.67405E-03, -4.10168E-03, -1.71072E-03,  1.80017E-03,  6.84358E-03,  1.39888E-02,  2.40247E-02,  3.80428E-02,  5.75440E-02,  8.45628E-02,  1.21802E-01,  1.72745E-01,  2.41686E-01,  3.33523E-01,  4.53063E-01,  6.03395E-01,  7.82886E-01,  9.80788E-01,  1.17308E+00,  1.32311E+00,  1.39246E+00,  1.36051E+00,  1.23739E+00,  1.05723E+00,  8.58926E-01,  6.71345E-01,  5.09665E-01,  3.78394E-01,  2.75893E-01,  1.97881E-01,  1.39487E-01,  9.62390E-02,  6.44149E-02,  4.10846E-02,  2.40232E-02,  1.15799E-02,  2.54651E-03, -3.95483E-03, -8.56403E-03, -1.17511E-02, -1.38660E-02, -1.51734E-02, -1.58760E-02, -1.61307E-02, -1.60590E-02, -1.57555E-02, -1.52930E-02, -1.47267E-02, -1.40983E-02, -1.34384E-02, -1.27690E-02, -1.21057E-02, -1.14589E-02, -1.08354E-02, -1.02393E-02, -9.67282E-03, -9.13677E-03, -8.63105E-03, -8.15498E-03, -7.70749E-03, -7.28727E-03, -6.89288E-03, -6.52288E-03,
 -2.35979E-03, -2.51918E-03, -2.68938E-03, -2.87109E-03, -3.06497E-03, -3.27169E-03, -3.49178E-03, -3.72563E-03, -3.97338E-03, -4.23473E-03, -4.50871E-03, -4.79338E-03, -5.08538E-03, -5.37926E-03, -5.66663E-03, -5.93508E-03, -6.16667E-03, -6.33612E-03, -6.40838E-03, -6.33575E-03, -6.05400E-03, -5.47762E-03, -4.49323E-03, -2.95077E-03, -6.51046E-04,  2.67195E-03,  7.37600E-03,  1.39454E-02,  2.30375E-02,  3.55428E-02,  5.26555E-02,  7.59511E-02,  1.07451E-01,  1.49648E-01,  2.05431E-01,  2.77798E-01,  3.69202E-01,  4.80315E-01,  6.08098E-01,  7.43523E-01,  8.70182E-01,  9.66026E-01,  1.00993E+00,  9.91040E-01,  9.14466E-01,  7.98427E-01,  6.65401E-01,  5.34140E-01,  4.16291E-01,  3.16907E-01,  2.36567E-01,  1.73448E-01,  1.24799E-01,  8.77733E-02,  5.98220E-02,  3.88349E-02,  2.31420E-02,  1.14610E-02,  2.82332E-03, -3.49726E-03, -8.04634E-03, -1.12374E-02, -1.33873E-02, -1.47418E-02, -1.54934E-02, -1.57938E-02, -1.57625E-02, -1.54932E-02, -1.50590E-02, -1.45156E-02, -1.39056E-02, -1.32602E-02, -1.26024E-02, -1.19481E-02, -1.13085E-02, -1.06908E-02, -1.00996E-02, -9.53712E-03, -9.00458E-03, -8.50203E-03, -8.02889E-03, -7.58418E-03, -7.16666E-03, -6.77493E-03, -6.40754E-03,
 -2.00141E-03, -2.13939E-03, -2.28661E-03, -2.44363E-03, -2.61098E-03, -2.78915E-03, -2.97853E-03, -3.17931E-03, -3.39144E-03, -3.61437E-03, -3.84696E-03, -4.08707E-03, -4.33113E-03, -4.57361E-03, -4.80611E-03, -5.01642E-03, -5.18712E-03, -5.29385E-03, -5.30319E-03, -5.17007E-03, -4.83439E-03, -4.21698E-03, -3.21419E-03, -1.69088E-03,  5.29249E-04,  3.67693E-03,  8.05570E-03,  1.40666E-02,  2.22407E-02,  3.32778E-02,  4.80907E-02,  6.78442E-02,  9.39762E-02,  1.28171E-01,  1.72243E-01,  2.27859E-01,  2.96017E-01,  3.76216E-01,  4.65352E-01,  5.56682E-01,  6.39587E-01,  7.01116E-01,  7.29640E-01,  7.19326E-01,  6.72680E-01,  5.99330E-01,  5.11967E-01,  4.22201E-01,  3.38230E-01,  2.64518E-01,  2.02598E-01,  1.52152E-01,  1.11923E-01,  8.03151E-02,  5.57434E-02,  3.67946E-02,  2.22842E-02,  1.12565E-02,  2.95535E-03, -3.21093E-03, -7.70618E-03, -1.08950E-02, -1.30666E-02, -1.44513E-02, -1.52340E-02, -1.55625E-02, -1.55550E-02, -1.53050E-02, -1.48858E-02, -1.43540E-02, -1.37525E-02, -1.31134E-02, -1.24602E-02, -1.18092E-02, -1.11721E-02, -1.05564E-02, -9.96681E-03, -9.40590E-03, -8.87487E-03, -8.37390E-03, -7.90245E-03, -7.45956E-03, -7.04399E-03, -6.65434E-03, -6.28917E-03,
 -1.63171E-03, -1.74726E-03, -1.87040E-03, -2.00152E-03, -2.14103E-03, -2.28923E-03, -2.44631E-03, -2.61229E-03, -2.78687E-03, -2.96931E-03, -3.15822E-03, -3.35122E-03, -3.54452E-03, -3.73245E-03, -3.90655E-03, -4.05474E-03, -4.15995E-03, -4.19864E-03, -4.13883E-03, -3.93778E-03, -3.53919E-03, -2.86972E-03, -1.83478E-03, -3.13128E-04,  1.85019E-03,  4.85319E-03,  8.94943E-03,  1.44644E-02,  2.18158E-02,  3.15371E-02,  4.43009E-02,  6.09345E-02,  8.24157E-02,  1.09827E-01,  1.44240E-01,  1.86488E-01,  2.36806E-01,  2.94306E-01,  3.56408E-01,  4.18418E-01,  4.73667E-01,  5.14565E-01,  5.34571E-01,  5.30345E-01,  5.02947E-01,  4.57340E-01,  4.00537E-01,  3.39520E-01,  2.79814E-01,  2.25007E-01,  1.76927E-01,  1.36116E-01,  1.02308E-01,  7.48113E-02,  5.27705E-02,  3.53162E-02,  2.16481E-02,  1.10684E-02,  2.98758E-03, -3.08389E-03, -7.54856E-03, -1.07369E-02, -1.29196E-02, -1.43178E-02, -1.51123E-02, -1.54494E-02, -1.54472E-02, -1.51997E-02, -1.47807E-02, -1.42475E-02, -1.36437E-02, -1.30016E-02, -1.23452E-02, -1.16913E-02, -1.10515E-02, -1.04335E-02, -9.84215E-03, -9.28004E-03, -8.74835E-03, -8.24723E-03, -7.77611E-03, -7.33398E-03, -6.91956E-03, -6.53140E-03, -6.16800E-03,
 -1.25182E-03, -1.34407E-03, -1.44213E-03, -1.54628E-03, -1.65675E-03, -1.77368E-03, -1.89705E-03, -2.02667E-03, -2.16202E-03, -2.30210E-03, -2.44527E-03, -2.58889E-03, -2.72894E-03, -2.85952E-03, -2.97206E-03, -3.05445E-03, -3.08990E-03, -3.05543E-03, -2.92019E-03, -2.64338E-03, -2.17181E-03, -1.43713E-03, -3.52455E-04,  1.19150E-03,  3.33129E-03,  6.23678E-03,  1.01188E-02,  1.52385E-02,  2.19192E-02,  3.05580E-02,  4.16363E-02,  5.57227E-02,  7.34585E-02,  9.55136E-02,  1.22492E-01,  1.54772E-01,  1.92263E-01,  2.34117E-01,  2.78418E-01,  3.22049E-01,  3.60857E-01,  3.90295E-01,  4.06454E-01,  4.07132E-01,  3.92456E-01,  3.64746E-01,  3.27728E-01,  2.85543E-01,  2.41912E-01,  1.99711E-01,  1.60847E-01,  1.26379E-01,  9.67020E-02,  7.17574E-02,  5.12075E-02,  3.45717E-02,  2.13201E-02,  1.09317E-02,  2.92550E-03, -3.12490E-03, -7.58869E-03, -1.07799E-02, -1.29621E-02, -1.43551E-02, -1.51397E-02, -1.54637E-02, -1.54464E-02, -1.51829E-02, -1.47479E-02, -1.41994E-02, -1.35813E-02, -1.29265E-02, -1.22588E-02, -1.15952E-02, -1.09473E-02, -1.03226E-02, -9.72595E-03, -9.15979E-03, -8.62519E-03, -8.12216E-03, -7.64999E-03, -7.20756E-03, -6.79347E-03, -6.40619E-03, -6.04411E-03,
 -8.63006E-04, -9.31131E-04, -1.00325E-03, -1.07948E-03, -1.15987E-03, -1.24436E-03, -1.33275E-03, -1.42464E-03, -1.51924E-03, -1.61532E-03, -1.71093E-03, -1.80316E-03, -1.88773E-03, -1.95842E-03, -2.00649E-03, -2.01971E-03, -1.98133E-03, -1.86869E-03, -1.65164E-03, -1.29073E-03, -7.35046E-04,  8.00953E-05,  1.23569E-03,  2.83186E-03,  4.99087E-03,  7.86049E-03,  1.16179E-02,  1.64739E-02,  2.26778E-02,  3.05220E-02,  4.03447E-02,  5.25273E-02,  6.74809E-02,  8.56126E-02,  1.07262E-01,  1.32596E-01,  1.61467E-01,  1.93232E-01,  2.26605E-01,  2.59581E-01,  2.89544E-01,  3.13606E-01,  3.29124E-01,  3.34271E-01,  3.28430E-01,  3.12296E-01,  2.87653E-01,  2.56964E-01,  2.22899E-01,  1.87941E-01,  1.54115E-01,  1.22871E-01,  9.50821E-02,  7.11255E-02,  5.10127E-02,  3.45096E-02,  2.12465E-02,  1.07958E-02,  2.72556E-03, -3.37011E-03, -7.85495E-03, -1.10452E-02, -1.32100E-02, -1.45744E-02, -1.53241E-02, -1.56106E-02, -1.55558E-02, -1.52564E-02, -1.47883E-02, -1.42100E-02, -1.35655E-02, -1.28878E-02, -1.22006E-02, -1.15205E-02, -1.08589E-02, -1.02232E-02, -9.61775E-03, -9.04477E-03, -8.50506E-03, -7.99840E-03, -7.52385E-03, -7.08011E-03, -6.66558E-03, -6.27859E-03, -5.91741E-03,
 -4.66531E-04, -5.09849E-04, -5.55267E-04, -6.02730E-04, -6.52112E-04, -7.03177E-04, -7.55495E-04, -8.08429E-04, -8.60952E-04, -9.11550E-04, -9.57990E-04, -9.97037E-04, -1.02408E-03, -1.03259E-03, -1.01349E-03, -9.54319E-04, -8.38122E-04, -6.42249E-04, -3.36775E-04,  1.17139E-04,  7.69202E-04,  1.68199E-03,  2.93300E-03,  4.61659E-03,  6.84575E-03,  9.75348E-03,  1.34937E-02,  1.82414E-02,  2.41931E-02,  3.15657E-02,  4.05949E-02,  5.15326E-02,  6.46379E-02,  8.01599E-02,  9.83034E-02,  1.19171E-01,  1.42678E-01,  1.68451E-01,  1.95717E-01,  2.23239E-01,  2.49320E-01,  2.71922E-01,  2.88915E-01,  2.98397E-01,  2.99058E-01,  2.90459E-01,  2.73180E-01,  2.48739E-01,  2.19321E-01,  1.87363E-01,  1.55144E-01,  1.24496E-01,  9.66741E-02,  7.23655E-02,  5.17934E-02,  3.48513E-02,  2.12312E-02,  1.05249E-02,  2.29490E-03, -3.88118E-03, -8.38720E-03, -1.15580E-02, -1.36779E-02, -1.49835E-02, -1.56688E-02, -1.58906E-02, -1.57742E-02, -1.54182E-02, -1.48994E-02, -1.42765E-02, -1.35936E-02, -1.28831E-02, -1.21682E-02, -1.14652E-02, -1.07848E-02, -1.01339E-02, -9.51634E-03, -8.93397E-03, -8.38714E-03, -7.87527E-03, -7.39715E-03, -6.95116E-03, -6.53552E-03, -6.14832E-03, -5.78768E-03,
 -6.37332E-05, -8.16655E-05, -9.97423E-05, -1.17731E-04, -1.35331E-04, -1.52091E-04, -1.67391E-04, -1.80316E-04, -1.89590E-04, -1.93414E-04, -1.89228E-04, -1.73453E-04, -1.41096E-04, -8.52328E-05,  3.62686E-06,  1.38391E-04,  3.36431E-04,  6.20782E-04,  1.02167E-03,  1.57818E-03,  2.34001E-03,  3.36947E-03,  4.74325E-03,  6.55399E-03,  8.91127E-03,  1.19416E-02,  1.57872E-02,  2.06031E-02,  2.65527E-02,  3.38026E-02,  4.25185E-02,  5.28614E-02,  6.49872E-02,  7.90449E-02,  9.51696E-02,  1.13462E-01,  1.33948E-01,  1.56506E-01,  1.80773E-01,  2.06044E-01,  2.31177E-01,  2.54553E-01,  2.74149E-01,  2.87754E-01,  2.93361E-01,  2.89640E-01,  2.76364E-01,  2.54563E-01,  2.26327E-01,  1.94323E-01,  1.61227E-01,  1.29280E-01,  1.00064E-01,  7.44782E-02,  5.28567E-02,  3.51249E-02,  2.09598E-02,  9.91409E-03,  1.50398E-03, -4.73745E-03, -9.23161E-03, -1.23427E-02, -1.43767E-02, -1.55851E-02, -1.61716E-02, -1.62989E-02, -1.60956E-02, -1.56619E-02, -1.50750E-02, -1.43934E-02, -1.36604E-02, -1.29078E-02, -1.21579E-02, -1.14260E-02, -1.07221E-02, -1.00523E-02, -9.41976E-03, -8.82574E-03, -8.27006E-03, -7.75167E-03, -7.26897E-03, -6.82000E-03, -6.40270E-03, -6.01492E-03, -5.65458E-03,
  3.44008E-04,  3.51923E-04,  3.61716E-04,  3.73775E-04,  3.88611E-04,  4.06870E-04,  4.29413E-04,  4.57398E-04,  4.92390E-04,  5.36490E-04,  5.92625E-04,  6.64740E-04,  7.58282E-04,  8.80656E-04,  1.04189E-03,  1.25554E-03,  1.53965E-03,  1.91806E-03,  2.42193E-03,  3.09139E-03,  3.97751E-03,  5.14430E-03,  6.67062E-03,  8.65189E-03,  1.12010E-02,  1.44475E-02,  1.85352E-02,  2.36159E-02,  2.98406E-02,  3.73490E-02,  4.62588E-02,  5.66618E-02,  6.86283E-02,  8.22204E-02,  9.75116E-02,  1.14599E-01,  1.33596E-01,  1.54583E-01,  1.77519E-01,  2.02083E-01,  2.27502E-01,  2.52384E-01,  2.74654E-01,  2.91719E-01,  3.00913E-01,  3.00164E-01,  2.88667E-01,  2.67219E-01,  2.38047E-01,  2.04212E-01,  1.68858E-01,  1.34634E-01,  1.03389E-01,  7.61625E-02,  5.33155E-02,  3.47413E-02,  2.00514E-02,  8.72484E-03,  2.09067E-04, -6.02059E-03, -1.04303E-02, -1.34173E-02, -1.53099E-02, -1.63744E-02, -1.68235E-02, -1.68247E-02, -1.65089E-02, -1.59769E-02, -1.53054E-02, -1.45518E-02, -1.37584E-02, -1.29554E-02, -1.21640E-02, -1.13982E-02, -1.06669E-02, -9.97515E-03, -9.32533E-03, -8.71789E-03, -8.15203E-03, -7.62614E-03, -7.13812E-03, -6.68567E-03, -6.26636E-03, -5.87778E-03, -5.51759E-03,
  7.55270E-04,  7.89390E-04,  8.27442E-04,  8.70008E-04,  9.17774E-04,  9.71632E-04,  1.03268E-03,  1.10233E-03,  1.18247E-03,  1.27553E-03,  1.38481E-03,  1.51472E-03,  1.67118E-03,  1.86223E-03,  2.09859E-03,  2.39462E-03,  2.76939E-03,  3.24797E-03,  3.86305E-03,  4.65676E-03,  5.68283E-03,  7.00896E-03,  8.71933E-03,  1.09170E-02,  1.37256E-02,  1.72891E-02,  2.17688E-02,  2.73339E-02,  3.41475E-02,  4.23459E-02,  5.20180E-02,  6.31926E-02,  7.58432E-02,  8.99155E-02,  1.05372E-01,  1.22244E-01,  1.40653E-01,  1.60801E-01,  1.82869E-01,  2.06840E-01,  2.32249E-01,  2.57902E-01,  2.81712E-01,  3.00795E-01,  3.11969E-01,  3.12583E-01,  3.01407E-01,  2.79126E-01,  2.48174E-01,  2.12008E-01,  1.74202E-01,  1.37731E-01,  1.04641E-01,  7.60305E-02,  5.22416E-02,  3.30984E-02,  1.81290E-02,  6.73111E-03, -1.71748E-03, -7.79588E-03, -1.20105E-02, -1.47861E-02, -1.64693E-02, -1.73369E-02, -1.76074E-02, -1.74506E-02, -1.69976E-02, -1.63482E-02, -1.55772E-02, -1.47403E-02, -1.38777E-02, -1.30177E-02, -1.21796E-02, -1.13760E-02, -1.06143E-02, -9.89850E-03, -9.22978E-03, -8.60775E-03, -8.03085E-03, -7.49687E-03, -7.00317E-03, -6.54699E-03, -6.12555E-03, -5.73612E-03, -5.37613E-03,
  1.16862E-03,  1.22916E-03,  1.29575E-03,  1.36911E-03,  1.45019E-03,  1.54008E-03,  1.64013E-03,  1.75208E-03,  1.87808E-03,  2.02100E-03,  2.18453E-03,  2.37360E-03,  2.59475E-03,  2.85672E-03,  3.17110E-03,  3.55334E-03,  4.02386E-03,  4.60940E-03,  5.34482E-03,  6.27508E-03,  7.45783E-03,  8.96631E-03,  1.08930E-02,  1.33535E-02,  1.64905E-02,  2.04756E-02,  2.55076E-02,  3.18015E-02,  3.95664E-02,  4.89686E-02,  6.00910E-02,  7.28977E-02,  8.72301E-02,  1.02843E-01,  1.19480E-01,  1.36975E-01,  1.55322E-01,  1.74704E-01,  1.95422E-01,  2.17704E-01,  2.41408E-01,  2.65654E-01,  2.88547E-01,  3.07191E-01,  3.18175E-01,  3.18514E-01,  3.06691E-01,  2.83291E-01,  2.50849E-01,  2.13054E-01,  1.73723E-01,  1.36004E-01,  1.02019E-01,  7.28687E-02,  4.88447E-02,  2.97026E-02,  1.48990E-02,  3.77019E-03, -4.35533E-03, -1.00923E-02, -1.39716E-02, -1.64328E-02, -1.78309E-02, -1.84461E-02, -1.84971E-02, -1.81522E-02, -1.75398E-02, -1.67564E-02, -1.58739E-02, -1.49448E-02, -1.40064E-02, -1.30846E-02, -1.21964E-02, -1.13526E-02, -1.05589E-02, -9.81776E-03, -9.12934E-03, -8.49224E-03, -7.90404E-03, -7.36185E-03, -6.86246E-03, -6.40264E-03, -5.97920E-03, -5.58910E-03, -5.22949E-03,
  1.58255E-03,  1.66964E-03,  1.76487E-03,  1.86921E-03,  1.98381E-03,  2.10999E-03,  2.24941E-03,  2.40408E-03,  2.57656E-03,  2.77009E-03,  2.98888E-03,  3.23845E-03,  3.52603E-03,  3.86123E-03,  4.25677E-03,  4.72945E-03,  5.30137E-03,  6.00145E-03,  6.86730E-03,  7.94753E-03,  9.30467E-03,  1.10191E-02,  1.31938E-02,  1.59614E-02,  1.94917E-02,  2.39992E-02,  2.97462E-02,  3.70335E-02,  4.61689E-02,  5.74069E-02,  7.08659E-02,  8.64498E-02,  1.03811E-01,  1.22391E-01,  1.41541E-01,  1.60684E-01,  1.79467E-01,  1.97854E-01,  2.16110E-01,  2.34649E-01,  2.53727E-01,  2.73014E-01,  2.91194E-01,  3.05827E-01,  3.13729E-01,  3.11915E-01,  2.98719E-01,  2.74536E-01,  2.41752E-01,  2.03955E-01,  1.64893E-01,  1.27656E-01,  9.43090E-02,  6.58919E-02,  4.26454E-02,  2.42808E-02,  1.02234E-02, -2.11993E-04, -7.70852E-03, -1.28864E-02, -1.62764E-02, -1.83153E-02, -1.93526E-02, -1.96625E-02, -1.94571E-02, -1.88983E-02, -1.81085E-02, -1.71788E-02, -1.61763E-02, -1.51492E-02, -1.41312E-02, -1.31451E-02, -1.22054E-02, -1.13205E-02, -1.04944E-02, -9.72789E-03, -9.01993E-03, -8.36802E-03, -7.76888E-03, -7.21887E-03, -6.71421E-03, -6.25116E-03, -5.82614E-03, -5.43578E-03, -5.07695E-03,
  1.99559E-03,  2.10918E-03,  2.23305E-03,  2.36838E-03,  2.51654E-03,  2.67912E-03,  2.85808E-03,  3.05575E-03,  3.27511E-03,  3.51986E-03,  3.79477E-03,  4.10604E-03,  4.46178E-03,  4.87263E-03,  5.35266E-03,  5.92034E-03,  6.59990E-03,  7.42294E-03,  8.43040E-03,  9.67514E-03,  1.12253E-02,  1.31690E-02,  1.56210E-02,  1.87334E-02,  2.27096E-02,  2.78221E-02,  3.44285E-02,  4.29722E-02,  5.39456E-02,  6.77948E-02,  8.47653E-02,  1.04730E-01,  1.27085E-01,  1.50781E-01,  1.74511E-01,  1.96975E-01,  2.17148E-01,  2.34466E-01,  2.48920E-01,  2.61006E-01,  2.71494E-01,  2.80986E-01,  2.89339E-01,  2.95263E-01,  2.96424E-01,  2.90228E-01,  2.74952E-01,  2.50613E-01,  2.19062E-01,  1.83350E-01,  1.46771E-01,  1.12092E-01,  8.11698E-02,  5.49393E-02,  3.35983E-02,  1.68587E-02,  4.16668E-03, -5.13254E-03, -1.16892E-02, -1.60930E-02, -1.88468E-02, -2.03639E-02, -2.09737E-02, -2.09341E-02, -2.04433E-02, -1.96519E-02, -1.86728E-02, -1.75897E-02, -1.64631E-02, -1.53360E-02, -1.42377E-02, -1.31875E-02, -1.21969E-02, -1.12719E-02, -1.04144E-02, -9.62365E-03, -8.89727E-03, -8.23161E-03, -7.62253E-03, -7.06564E-03, -6.55657E-03, -6.09108E-03, -5.66519E-03, -5.27520E-03, -4.91774E-03,
  2.40621E-03,  2.54612E-03,  2.69846E-03,  2.86463E-03,  3.04622E-03,  3.24512E-03,  3.46358E-03,  3.70434E-03,  3.97078E-03,  4.26714E-03,  4.59885E-03,  4.97289E-03,  5.39839E-03,  5.88727E-03,  6.45520E-03,  7.12273E-03,  7.91667E-03,  8.87182E-03,  1.00331E-02,  1.14580E-02,  1.32206E-02,  1.54161E-02,  1.81703E-02,  2.16532E-02,  2.61028E-02,  3.18601E-02,  3.94113E-02,  4.94183E-02,  6.26929E-02,  8.00601E-02,  1.02080E-01,  1.28698E-01,  1.58983E-01,  1.91145E-01,  2.22829E-01,  2.51571E-01,  2.75201E-01,  2.92161E-01,  3.01754E-01,  3.04321E-01,  3.01268E-01,  2.94708E-01,  2.86633E-01,  2.77936E-01,  2.67911E-01,  2.54716E-01,  2.36519E-01,  2.12611E-01,  1.83835E-01,  1.52224E-01,  1.20240E-01,  9.00708E-02,  6.32411E-02,  4.05372E-02,  2.21333E-02,  7.78388E-03, -2.99128E-03, -1.07664E-02, -1.61166E-02, -1.95663E-02, -2.15651E-02, -2.24834E-02, -2.26173E-02, -2.21984E-02, -2.14048E-02, -2.03715E-02, -1.91992E-02, -1.79617E-02, -1.67120E-02, -1.54870E-02, -1.43111E-02, -1.31997E-02, -1.21611E-02, -1.11987E-02, -1.03124E-02, -9.49978E-03, -8.75706E-03, -8.07955E-03, -7.46220E-03, -6.89989E-03, -6.38769E-03, -5.92089E-03, -5.49513E-03, -5.10641E-03, -4.75108E-03,
  2.81287E-03,  2.97878E-03,  3.15927E-03,  3.35595E-03,  3.57066E-03,  3.80558E-03,  4.06330E-03,  4.34696E-03,  4.66042E-03,  5.00853E-03,  5.39743E-03,  5.83505E-03,  6.33167E-03,  6.90075E-03,  7.55991E-03,  8.33216E-03,  9.24746E-03,  1.03444E-02,  1.16725E-02,  1.32943E-02,  1.52893E-02,  1.77584E-02,  2.08334E-02,  2.46947E-02,  2.96046E-02,  3.59677E-02,  4.44204E-02,  5.59299E-02,  7.18280E-02,  9.36440E-02,  1.22630E-01,  1.59051E-01,  2.01613E-01,  2.47416E-01,  2.92506E-01,  3.32634E-01,  3.63846E-01,  3.82871E-01,  3.87549E-01,  3.77457E-01,  3.54619E-01,  3.23589E-01,  2.90196E-01,  2.59237E-01,  2.32666E-01,  2.09538E-01,  1.87473E-01,  1.64413E-01,  1.39605E-01,  1.13623E-01,  8.77997E-02,  6.35696E-02,  4.20406E-02,  2.38290E-02,  9.10067E-03, -2.31413E-03, -1.07845E-02, -1.67676E-02, -2.07319E-02, -2.31113E-02, -2.42828E-02, -2.45597E-02, -2.41945E-02, -2.33858E-02, -2.22869E-02, -2.10137E-02, -1.96528E-02, -1.82669E-02, -1.69006E-02, -1.55842E-02, -1.43369E-02, -1.31699E-02, -1.20884E-02, -1.10932E-02, -1.01821E-02, -9.35120E-03, -8.59522E-03, -7.90850E-03, -7.28516E-03, -6.71943E-03, -6.20581E-03, -5.73918E-03, -5.31483E-03, -4.92848E-03, -4.57626E-03,
  3.21406E-03,  3.40551E-03,  3.61365E-03,  3.84031E-03,  4.08761E-03,  4.35802E-03,  4.65449E-03,  4.98059E-03,  5.34071E-03,  5.74034E-03,  6.18646E-03,  6.68804E-03,  7.25674E-03,  7.90778E-03,  8.66107E-03,  9.54258E-03,  1.05860E-02,  1.18345E-02,  1.33427E-02,  1.51788E-02,  1.74269E-02,  2.01905E-02,  2.35991E-02,  2.78260E-02,  3.31286E-02,  3.99370E-02,  4.90182E-02,  6.17125E-02,  8.01349E-02,  1.07060E-01,  1.45150E-01,  1.95558E-01,  2.56650E-01,  3.23869E-01,  3.90857E-01,  4.50811E-01,  4.97200E-01,  5.23979E-01,  5.26023E-01,  5.00507E-01,  4.49380E-01,  3.81188E-01,  3.09122E-01,  2.45268E-01,  1.95654E-01,  1.59703E-01,  1.33153E-01,  1.11402E-01,  9.13889E-02,  7.18979E-02,  5.30077E-02,  3.53696E-02,  1.96712E-02,  6.37026E-03, -4.36634E-03, -1.26175E-02, -1.86245E-02, -2.27120E-02, -2.52278E-02, -2.65036E-02, -2.68342E-02, -2.64690E-02, -2.56119E-02, -2.44250E-02, -2.30343E-02, -2.15355E-02, -1.99998E-02, -1.84787E-02, -1.70077E-02, -1.56106E-02, -1.43014E-02, -1.30872E-02, -1.19701E-02, -1.09484E-02, -1.00179E-02, -9.17325E-03, -8.40796E-03, -7.71541E-03, -7.08896E-03, -6.52225E-03, -6.00932E-03, -5.54466E-03, -5.12326E-03, -4.74060E-03, -4.39262E-03,
  3.60827E-03,  3.82463E-03,  4.05975E-03,  4.31569E-03,  4.59481E-03,  4.89992E-03,  5.23434E-03,  5.60208E-03,  6.00811E-03,  6.45861E-03,  6.96147E-03,  7.52684E-03,  8.16791E-03,  8.90191E-03,  9.75142E-03,  1.07459E-02,  1.19233E-02,  1.33323E-02,  1.50336E-02,  1.71016E-02,  1.96244E-02,  2.27041E-02,  2.64567E-02,  3.10206E-02,  3.65920E-02,  4.35341E-02,  5.26329E-02,  6.55724E-02,  8.55240E-02,  1.17330E-01,  1.66387E-01,  2.35908E-01,  3.24115E-01,  4.23910E-01,  5.25379E-01,  6.18378E-01,  6.93108E-01,  7.39431E-01,  7.46528E-01,  7.04745E-01,  6.12569E-01,  4.85175E-01,  3.51650E-01,  2.38968E-01,  1.58917E-01,  1.08565E-01,  7.83736E-02,  5.91004E-02,  4.46013E-02,  3.18275E-02,  1.97938E-02,  8.54320E-03, -1.54795E-03, -1.01342E-02, -1.70355E-02, -2.22446E-02, -2.58839E-02, -2.81537E-02, -2.92861E-02, -2.95144E-02, -2.90533E-02, -2.80895E-02, -2.67790E-02, -2.52479E-02, -2.35953E-02, -2.18971E-02, -2.02095E-02, -1.85728E-02, -1.70143E-02, -1.55511E-02, -1.41926E-02, -1.29420E-02, -1.17984E-02, -1.07579E-02, -9.81469E-03, -8.96186E-03, -8.19199E-03, -7.49760E-03, -6.87144E-03, -6.30663E-03, -5.79682E-03, -5.33619E-03, -4.91951E-03, -4.54204E-03, -4.19960E-03,
  3.99402E-03,  4.23451E-03,  4.49575E-03,  4.78004E-03,  5.09000E-03,  5.42875E-03,  5.80000E-03,  6.20821E-03,  6.65895E-03,  7.15914E-03,  7.71764E-03,  8.34585E-03,  9.05866E-03,  9.87554E-03,  1.08221E-02,  1.19316E-02,  1.32472E-02,  1.48238E-02,  1.67295E-02,  1.90458E-02,  2.18656E-02,  2.52865E-02,  2.93993E-02,  3.42738E-02,  3.99651E-02,  4.66050E-02,  5.47371E-02,  6.61289E-02,  8.51199E-02,  1.19698E-01,  1.80230E-01,  2.74290E-01,  4.00486E-01,  5.47692E-01,  7.00830E-01,  8.46036E-01,  9.70409E-01,  1.05927E+00,  1.09245E+00,  1.04172E+00,  8.88014E-01,  6.57405E-01,  4.19153E-01,  2.33491E-01,  1.17364E-01,  5.58312E-02,  2.65015E-02,  1.25025E-02,  4.39906E-03, -2.01446E-03, -8.11260E-03, -1.40185E-02, -1.94493E-02, -2.40965E-02, -2.77625E-02, -3.03797E-02, -3.19848E-02, -3.26835E-02, -3.26168E-02, -3.19370E-02, -3.07915E-02, -2.93133E-02, -2.76165E-02, -2.57955E-02, -2.39255E-02, -2.20646E-02, -2.02557E-02, -1.85290E-02, -1.69044E-02, -1.53933E-02, -1.40006E-02, -1.27263E-02, -1.15670E-02, -1.05167E-02, -9.56833E-03, -8.71372E-03, -7.94463E-03, -7.25293E-03, -6.63085E-03, -6.07115E-03, -5.56717E-03, -5.11289E-03, -4.70286E-03, -4.33226E-03, -3.99677E-03,
  4.36988E-03,  4.63355E-03,  4.91988E-03,  5.23138E-03,  5.57095E-03,  5.94199E-03,  6.34858E-03,  6.79570E-03,  7.28945E-03,  7.83754E-03,  8.44982E-03,  9.13900E-03,  9.92175E-03,  1.08199E-02,  1.18623E-02,  1.30867E-02,  1.45417E-02,  1.62897E-02,  1.84074E-02,  2.09857E-02,  2.41241E-02,  2.79169E-02,  3.24240E-02,  3.76207E-02,  4.33376E-02,  4.92675E-02,  5.52865E-02,  6.26259E-02,  7.64293E-02,  1.08840E-01,  1.78432E-01,  3.01115E-01,  4.77019E-01,  6.88562E-01,  9.13376E-01,  1.13459E+00,  1.33860E+00,  1.51133E+00,  1.62644E+00,  1.60721E+00,  1.35805E+00,  9.22718E-01,  4.91203E-01,  2.00828E-01,  5.51845E-02, -1.95711E-03, -1.94106E-02, -2.33227E-02, -2.42930E-02, -2.55542E-02, -2.75609E-02, -2.99593E-02, -3.23051E-02, -3.42657E-02, -3.56501E-02, -3.63837E-02, -3.64740E-02, -3.59807E-02, -3.49923E-02, -3.36094E-02, -3.19328E-02, -3.00565E-02, -2.80631E-02, -2.60225E-02, -2.39911E-02, -2.20125E-02, -2.01189E-02, -1.83323E-02, -1.66665E-02, -1.51279E-02, -1.37181E-02, -1.24344E-02, -1.12712E-02, -1.02212E-02, -9.27586E-03, -8.42642E-03, -7.66394E-03, -6.97982E-03, -6.36594E-03, -5.81480E-03, -5.31958E-03, -4.87410E-03, -4.47283E-03, -4.11086E-03, -3.78382E-03,
  4.73448E-03,  5.02023E-03,  5.33044E-03,  5.66781E-03,  6.03548E-03,  6.43716E-03,  6.87729E-03,  7.36127E-03,  7.89581E-03,  8.48934E-03,  9.15269E-03,  9.89988E-03,  1.07493E-02,  1.17254E-02,  1.28602E-02,  1.41959E-02,  1.57875E-02,  1.77054E-02,  2.00366E-02,  2.28840E-02,  2.63586E-02,  3.05586E-02,  3.55217E-02,  4.11312E-02,  4.69617E-02,  5.21193E-02,  5.53873E-02,  5.65864E-02,  6.06099E-02,  8.39203E-02,  1.56592E-01,  3.08084E-01,  5.41836E-01,  8.30548E-01,  1.14222E+00,  1.45854E+00,  1.76934E+00,  2.08558E+00,  2.43141E+00,  2.61677E+00,  2.21149E+00,  1.29813E+00,  4.90159E-01,  7.92880E-02, -4.93263E-02, -6.40608E-02, -5.21147E-02, -4.14000E-02, -3.63508E-02, -3.53258E-02, -3.62389E-02, -3.77158E-02, -3.90348E-02, -3.98817E-02, -4.01580E-02, -3.98710E-02, -3.90757E-02, -3.78482E-02, -3.62719E-02, -3.44306E-02, -3.24044E-02, -3.02662E-02, -2.80802E-02, -2.59004E-02, -2.37707E-02, -2.17248E-02, -1.97870E-02, -1.79734E-02, -1.62932E-02, -1.47494E-02, -1.33408E-02, -1.20627E-02, -1.09083E-02, -9.86891E-03, -8.93546E-03, -8.09851E-03, -7.34875E-03, -6.67732E-03, -6.07594E-03, -5.53700E-03, -5.05358E-03, -4.61948E-03, -4.22914E-03, -3.87765E-03, -3.56064E-03,
  5.08653E-03,  5.39312E-03,  5.72582E-03,  6.08750E-03,  6.48155E-03,  6.91193E-03,  7.38341E-03,  7.90181E-03,  8.47434E-03,  9.11016E-03,  9.82094E-03,  1.06220E-02,  1.15334E-02,  1.25818E-02,  1.38025E-02,  1.52422E-02,  1.69623E-02,  1.90414E-02,  2.15784E-02,  2.46910E-02,  2.85084E-02,  3.31465E-02,  3.86490E-02,  4.48596E-02,  5.11817E-02,  5.62328E-02,  5.76933E-02,  5.35506E-02,  4.72894E-02,  5.83352E-02,  1.28623E-01,  3.03724E-01,  5.91471E-01,  9.52908E-01,  1.34549E+00,  1.74740E+00,  2.14385E+00,  2.63154E+00,  3.59405E+00,  4.67079E+00,  3.94676E+00,  1.74098E+00,  2.38145E-01, -1.97050E-01, -1.86288E-01, -1.05411E-01, -5.29796E-02, -3.12105E-02, -2.65166E-02, -2.88547E-02, -3.29997E-02, -3.67331E-02, -3.93419E-02, -4.07620E-02, -4.11593E-02, -4.07464E-02, -3.97169E-02, -3.82297E-02, -3.64124E-02, -3.43682E-02, -3.21820E-02, -2.99245E-02, -2.76544E-02, -2.54195E-02, -2.32573E-02, -2.11962E-02, -1.92560E-02, -1.74494E-02, -1.57823E-02, -1.42559E-02, -1.28672E-02, -1.16103E-02, -1.04773E-02, -9.45932E-03, -8.54662E-03, -7.72955E-03, -6.99871E-03, -6.34518E-03, -5.76067E-03, -5.23759E-03, -4.76907E-03, -4.34897E-03, -3.97178E-03, -3.63265E-03, -3.32727E-03,
  5.42487E-03,  5.75091E-03,  6.10454E-03,  6.48880E-03,  6.90726E-03,  7.36412E-03,  7.86443E-03,  8.41436E-03,  9.02158E-03,  9.69581E-03,  1.04495E-02,  1.12991E-02,  1.22660E-02,  1.33789E-02,  1.46760E-02,  1.62081E-02,  1.80421E-02,  2.02653E-02,  2.29881E-02,  2.63455E-02,  3.04909E-02,  3.55755E-02,  4.16910E-02,  4.87412E-02,  5.61841E-02,  6.26187E-02,  6.54761E-02,  6.20586E-02,  5.50192E-02,  6.47033E-02,  1.38571E-01,  3.30008E-01,  6.47605E-01,  1.04566E+00,  1.47731E+00,  1.90616E+00,  2.25799E+00,  2.75234E+00,  5.16022E+00,  9.41689E+00,  7.69458E+00,  2.11735E+00, -3.07656E-01, -4.71732E-01, -2.17164E-01, -5.19152E-02,  9.87677E-03,  1.90142E-02,  8.69527E-03, -5.69578E-03, -1.83321E-02, -2.76580E-02, -3.37801E-02, -3.73179E-02, -3.89386E-02, -3.91997E-02, -3.85214E-02, -3.72056E-02, -3.54662E-02, -3.34565E-02, -3.12887E-02, -2.90475E-02, -2.67974E-02, -2.45881E-02, -2.24571E-02, -2.04316E-02, -1.85299E-02, -1.67632E-02, -1.51364E-02, -1.36496E-02, -1.22990E-02, -1.10784E-02, -9.97951E-03, -8.99327E-03, -8.11001E-03, -7.32013E-03, -6.61432E-03, -5.98382E-03, -5.42048E-03, -4.91689E-03, -4.46634E-03, -4.06283E-03, -3.70099E-03, -3.37608E-03, -3.08391E-03,
  5.74841E-03,  6.09240E-03,  6.46527E-03,  6.87022E-03,  7.31093E-03,  7.79181E-03,  8.31812E-03,  8.89632E-03,  9.53441E-03,  1.02426E-02,  1.10339E-02,  1.19254E-02,  1.29399E-02,  1.41074E-02,  1.54684E-02,  1.70767E-02,  1.90040E-02,  2.13445E-02,  2.42191E-02,  2.77797E-02,  3.22072E-02,  3.77005E-02,  4.44386E-02,  5.24938E-02,  6.16611E-02,  7.12164E-02,  7.98814E-02,  8.70944E-02,  9.79958E-02,  1.33189E-01,  2.33464E-01,  4.37925E-01,  7.45379E-01,  1.11940E+00,  1.53271E+00,  1.94629E+00,  2.20703E+00,  2.51538E+00,  6.78855E+00,  1.71956E+01,  1.39584E+01,  3.83486E+00,  4.19761E-01,  8.66315E-02,  1.70542E-01,  1.93677E-01,  1.61225E-01,  1.12413E-01,  6.69450E-02,  3.10801E-02,  5.17613E-03, -1.24167E-02, -2.37110E-02, -3.04867E-02, -3.41320E-02, -3.56597E-02, -3.57781E-02, -3.49711E-02, -3.35664E-02, -3.17875E-02, -2.97892E-02, -2.76811E-02, -2.55426E-02, -2.34313E-02, -2.13891E-02, -1.94455E-02, -1.76198E-02, -1.59238E-02, -1.43624E-02, -1.29359E-02, -1.16406E-02, -1.04705E-02, -9.41762E-03, -8.47307E-03, -7.62755E-03, -6.87180E-03, -6.19686E-03, -5.59428E-03, -5.05626E-03, -4.57566E-03, -4.14604E-03, -3.76162E-03, -3.41726E-03, -3.10839E-03, -2.83097E-03,
  6.05622E-03,  6.41657E-03,  6.80688E-03,  7.23045E-03,  7.69109E-03,  8.19333E-03,  8.74257E-03,  9.34546E-03,  1.00102E-02,  1.07473E-02,  1.15701E-02,  1.24963E-02,  1.35491E-02,  1.47595E-02,  1.61692E-02,  1.78339E-02,  1.98282E-02,  2.22506E-02,  2.52297E-02,  2.89303E-02,  3.35581E-02,  3.93601E-02,  4.66177E-02,  5.56290E-02,  6.67021E-02,  8.02670E-02,  9.74879E-02,  1.22228E-01,  1.65127E-01,  2.47112E-01,  3.92390E-01,  6.06917E-01,  8.71975E-01,  1.17873E+00,  1.55750E+00,  2.06735E+00,  2.83335E+00,  4.19517E+00,  5.15106E+00,  6.26523E+00,  1.72054E+01,  1.35346E+01,  5.66440E+00,  2.26339E+00,  1.08749E+00,  6.16236E-01,  3.75813E-01,  2.30813E-01,  1.36656E-01,  7.42075E-02,  3.29090E-02,  6.00607E-03, -1.10945E-02, -2.15697E-02, -2.76114E-02, -3.07146E-02, -3.18867E-02, -3.18002E-02, -3.09030E-02, -2.94947E-02, -2.77784E-02, -2.58943E-02, -2.39407E-02, -2.19869E-02, -2.00820E-02, -1.82600E-02, -1.65431E-02, -1.49446E-02, -1.34710E-02, -1.21234E-02, -1.08989E-02, -9.79228E-03, -8.79617E-03, -7.90237E-03, -7.10221E-03, -6.38700E-03, -5.74832E-03, -5.17825E-03, -4.66941E-03, -4.21508E-03, -3.80917E-03, -3.44621E-03, -3.12134E-03, -2.83021E-03, -2.56902E-03,
  6.34753E-03,  6.72254E-03,  7.12841E-03,  7.56846E-03,  8.04658E-03,  8.56735E-03,  9.13629E-03,  9.76007E-03,  1.04470E-02,  1.12076E-02,  1.20555E-02,  1.30082E-02,  1.40892E-02,  1.53296E-02,  1.67712E-02,  1.84700E-02,  2.05010E-02,  2.29640E-02,  2.59903E-02,  2.97511E-02,  3.44670E-02,  4.04200E-02,  4.79749E-02,  5.76286E-02,  7.01588E-02,  8.70631E-02,  1.11717E-01,  1.51754E-01,  2.21800E-01,  3.40888E-01,  5.16436E-01,  7.26904E-01,  9.43969E-01,  1.18825E+00,  1.55482E+00,  2.26345E+00,  3.94257E+00,  7.08392E+00, -3.55243E-02, -2.54563E+01,  4.93337E+00,  1.92762E+01,  1.00498E+01,  4.19305E+00,  1.90755E+00,  9.92274E-01,  5.65789E-01,  3.35842E-01,  1.99267E-01,  1.13848E-01,  5.92347E-02,  2.41874E-02,  1.89719E-03, -1.19889E-02, -2.03274E-02, -2.50100E-02, -2.72914E-02, -2.80023E-02, -2.76939E-02, -2.67337E-02, -2.53693E-02, -2.37701E-02, -2.20536E-02, -2.03018E-02, -1.85718E-02, -1.69031E-02, -1.53215E-02, -1.38431E-02, -1.24761E-02, -1.12232E-02, -1.00829E-02, -9.05088E-03, -8.12101E-03, -7.28595E-03, -6.53790E-03, -5.86895E-03, -5.27140E-03, -4.73794E-03, -4.26179E-03, -3.83671E-03, -3.45705E-03, -3.11772E-03, -2.81418E-03, -2.54239E-03, -2.29877E-03,
  6.62169E-03,  7.00965E-03,  7.42911E-03,  7.88343E-03,  8.37651E-03,  8.91294E-03,  9.49820E-03,  1.01389E-02,  1.08434E-02,  1.16221E-02,  1.24882E-02,  1.34592E-02,  1.45580E-02,  1.58149E-02,  1.72709E-02,  1.89804E-02,  2.10166E-02,  2.34767E-02,  2.64894E-02,  3.02238E-02,  3.49020E-02,  4.08184E-02,  4.83779E-02,  5.81856E-02,  7.12743E-02,  8.96708E-02,  1.17638E-01,  1.63699E-01,  2.41752E-01,  3.65759E-01,  5.33901E-01,  7.19177E-01,  8.99140E-01,  1.10721E+00,  1.45527E+00,  2.18953E+00,  3.88173E+00,  6.62649E+00,  2.62275E+00, -1.46796E+01, -7.26177E+00,  6.44769E+00,  6.33541E+00,  3.61061E+00,  1.94299E+00,  1.09433E+00,  6.46642E-01,  3.92097E-01,  2.38155E-01,  1.41353E-01,  7.92457E-02,  3.91451E-02,  1.33552E-02, -3.01152E-03, -1.31431E-02, -1.91450E-02, -2.24139E-02, -2.38782E-02, -2.41564E-02, -2.36632E-02, -2.26793E-02, -2.13967E-02, -1.99485E-02, -1.84276E-02, -1.68986E-02, -1.54063E-02, -1.39802E-02, -1.26391E-02, -1.13936E-02, -1.02481E-02, -9.20282E-03, -8.25479E-03, -7.39906E-03, -6.62950E-03, -5.93930E-03, -5.32152E-03, -4.76928E-03, -4.27604E-03, -3.83564E-03, -3.44244E-03, -3.09127E-03, -2.77751E-03, -2.49697E-03, -2.24594E-03, -2.02111E-03,
  6.87825E-03,  7.27741E-03,  7.70849E-03,  8.17484E-03,  8.68033E-03,  9.22949E-03,  9.82769E-03,  1.04815E-02,  1.11989E-02,  1.19900E-02,  1.28678E-02,  1.38488E-02,  1.49551E-02,  1.62155E-02,  1.76689E-02,  1.93669E-02,  2.13781E-02,  2.37942E-02,  2.67359E-02,  3.03625E-02,  3.48845E-02,  4.05852E-02,  4.78639E-02,  5.73321E-02,  7.00388E-02,  8.79703E-02,  1.14998E-01,  1.58103E-01,  2.27346E-01,  3.31103E-01,  4.65995E-01,  6.14259E-01,  7.65765E-01,  9.50188E-01,  1.25082E+00,  1.82847E+00,  2.97236E+00,  4.72849E+00,  4.80802E+00, -1.71159E-01, -2.91936E+00,  1.32936E-01,  2.07290E+00,  2.00674E+00,  1.43520E+00,  9.46171E-01,  6.10774E-01,  3.90999E-01,  2.47300E-01,  1.52766E-01,  9.03195E-02,  4.90941E-02,  2.20344E-02,  4.47648E-03, -6.69869E-03, -1.35870E-02, -1.75989E-02, -1.96838E-02, -2.04822E-02, -2.04284E-02, -1.98191E-02, -1.88592E-02, -1.76916E-02, -1.64163E-02, -1.51037E-02, -1.38023E-02, -1.25452E-02, -1.13538E-02, -1.02406E-02, -9.21220E-03, -8.27024E-03, -7.41338E-03, -6.63804E-03, -5.93936E-03, -5.31168E-03, -4.74909E-03, -4.24564E-03, -3.79560E-03, -3.39354E-03, -3.03444E-03, -2.71370E-03, -2.42716E-03, -2.17105E-03, -1.94201E-03, -1.73704E-03,
  7.11690E-03,  7.52549E-03,  7.96623E-03,  8.44240E-03,  8.95778E-03,  9.51679E-03,  1.01247E-02,  1.07877E-02,  1.15135E-02,  1.23118E-02,  1.31948E-02,  1.41782E-02,  1.52824E-02,  1.65344E-02,  1.79699E-02,  1.96364E-02,  2.15967E-02,  2.39336E-02,  2.67568E-02,  3.02094E-02,  3.44812E-02,  3.98277E-02,  4.66095E-02,  5.53749E-02,  6.70370E-02,  8.32235E-02,  1.06847E-01,  1.42660E-01,  1.96825E-01,  2.73987E-01,  3.72647E-01,  4.85579E-01,  6.11769E-01,  7.71845E-01,  1.01472E+00,  1.42486E+00,  2.12964E+00,  3.15463E+00,  3.79387E+00,  2.65284E+00,  7.09710E-01,  3.22837E-01,  8.34256E-01,  1.06227E+00,  9.47144E-01,  7.22634E-01,  5.12761E-01,  3.49908E-01,  2.32136E-01,  1.49554E-01,  9.25835E-02,  5.37321E-02,  2.75277E-02,  1.00795E-02, -1.33971E-03, -8.62398E-03, -1.30803E-02, -1.56071E-02, -1.68214E-02, -1.71486E-02, -1.68840E-02, -1.62339E-02, -1.53439E-02, -1.43172E-02, -1.32267E-02, -1.21236E-02, -1.10431E-02, -1.00087E-02, -9.03498E-03, -8.12995E-03, -7.29709E-03, -6.53654E-03, -5.84614E-03, -5.22235E-03, -4.66072E-03, -4.15641E-03, -3.70445E-03, -3.29997E-03, -2.93831E-03, -2.61511E-03, -2.32637E-03, -2.06841E-03, -1.83791E-03, -1.63189E-03, -1.44768E-03,
  7.33747E-03,  7.75379E-03,  8.20227E-03,  8.68609E-03,  9.20893E-03,  9.77502E-03,  1.03894E-02,  1.10579E-02,  1.17880E-02,  1.25886E-02,  1.34710E-02,  1.44497E-02,  1.55434E-02,  1.67767E-02,  1.81816E-02,  1.98005E-02,  2.16893E-02,  2.39209E-02,  2.65911E-02,  2.98246E-02,  3.37855E-02,  3.86936E-02,  4.48559E-02,  5.27291E-02,  6.30402E-02,  7.69996E-02,  9.65948E-02,  1.24790E-01,  1.65170E-01,  2.20565E-01,  2.91454E-01,  3.76927E-01,  4.80018E-01,  6.13908E-01,  8.04756E-01,  1.09307E+00,  1.52661E+00,  2.08578E+00,  2.48203E+00,  2.21856E+00,  1.41520E+00,  8.44971E-01,  7.19905E-01,  7.19348E-01,  6.56485E-01,  5.37039E-01,  4.07057E-01,  2.93309E-01,  2.03592E-01,  1.36622E-01,  8.82230E-02,  5.39902E-02,  3.01779E-02,  1.38659E-02,  2.87909E-03, -4.35969E-03, -8.97494E-03, -1.17607E-02, -1.32753E-02, -1.39121E-02, -1.39491E-02, -1.35840E-02, -1.29585E-02, -1.21742E-02, -1.13042E-02, -1.04004E-02, -9.49905E-03, -8.62488E-03, -7.79393E-03, -7.01579E-03, -6.29539E-03, -5.63428E-03, -5.03174E-03, -4.48549E-03, -3.99230E-03, -3.54842E-03, -3.14988E-03, -2.79268E-03, -2.47294E-03, -2.18701E-03, -1.93145E-03, -1.70312E-03, -1.49917E-03, -1.31698E-03, -1.15422E-03,
  7.53997E-03,  7.96236E-03,  8.41671E-03,  8.90613E-03,  9.43409E-03,  1.00046E-02,  1.06225E-02,  1.12933E-02,  1.20237E-02,  1.28222E-02,  1.36989E-02,  1.46669E-02,  1.57432E-02,  1.69493E-02,  1.83137E-02,  1.98734E-02,  2.16764E-02,  2.37858E-02,  2.62830E-02,  2.92737E-02,  3.28957E-02,  3.73324E-02,  4.28363E-02,  4.97727E-02,  5.86971E-02,  7.04756E-02,  8.64292E-02,  1.08405E-01,  1.38601E-01,  1.79069E-01,  2.31338E-01,  2.97098E-01,  3.80288E-01,  4.89234E-01,  6.37357E-01,  8.41662E-01,  1.11284E+00,  1.41878E+00,  1.62967E+00,  1.57078E+00,  1.25289E+00,  9.10142E-01,  6.99577E-01,  5.87939E-01,  5.00806E-01,  4.10208E-01,  3.19892E-01,  2.38860E-01,  1.71907E-01,  1.19605E-01,  8.02713E-02,  5.14719E-02,  3.08088E-02,  1.62346E-02,  6.12666E-03, -7.47105E-04, -5.29782E-03, -8.18885E-03, -9.89968E-03, -1.07763E-02, -1.10687E-02, -1.09586E-02, -1.05785E-02, -1.00250E-02, -9.36854E-03, -8.66016E-03, -7.93615E-03, -7.22179E-03, -6.53403E-03, -5.88366E-03, -5.27686E-03, -4.71651E-03, -4.20317E-03, -3.73581E-03, -3.31237E-03, -2.93017E-03, -2.58621E-03, -2.27738E-03, -2.00056E-03, -1.75279E-03, -1.53123E-03, -1.33327E-03, -1.15651E-03, -9.98727E-04, -8.57956E-04,
  7.72455E-03,  8.15141E-03,  8.60988E-03,  9.10291E-03,  9.63382E-03,  1.02064E-02,  1.08251E-02,  1.14951E-02,  1.22225E-02,  1.30149E-02,  1.38816E-02,  1.48342E-02,  1.58875E-02,  1.70604E-02,  1.83774E-02,  1.98701E-02,  2.15796E-02,  2.35587E-02,  2.58756E-02,  2.86178E-02,  3.18996E-02,  3.58708E-02,  4.07358E-02,  4.67820E-02,  5.44303E-02,  6.43026E-02,  7.72994E-02,  9.46416E-02,  1.17827E-01,  1.48515E-01,  1.88520E-01,  2.40186E-01,  3.07095E-01,  3.94598E-01,  5.09468E-01,  6.57545E-01,  8.36382E-01,  1.01978E+00,  1.14590E+00,  1.14565E+00,  1.01262E+00,  8.20320E-01,  6.46296E-01,  5.14718E-01,  4.14013E-01,  3.30194E-01,  2.57503E-01,  1.95298E-01,  1.43936E-01,  1.03071E-01,  7.15659E-02,  4.78721E-02,  3.04024E-02,  1.77356E-02,  8.69546E-03,  2.35510E-03, -1.99441E-03, -4.88535E-03, -6.71355E-03, -7.77215E-03, -8.27843E-03, -8.39366E-03, -8.23782E-03, -7.90019E-03, -7.44695E-03, -6.92684E-03, -6.37523E-03, -5.81733E-03, -5.27059E-03, -4.74662E-03, -4.25264E-03, -3.79270E-03, -3.36851E-03, -2.98020E-03, -2.62680E-03, -2.30667E-03, -2.01773E-03, -1.75772E-03, -1.52430E-03, -1.31514E-03, -1.12803E-03, -9.60855E-04, -8.11668E-04, -6.78656E-04, -5.60168E-04,
  7.89146E-03,  8.32127E-03,  8.78221E-03,  9.27705E-03,  9.80891E-03,  1.03813E-02,  1.09984E-02,  1.16649E-02,  1.23864E-02,  1.31696E-02,  1.40228E-02,  1.49561E-02,  1.59824E-02,  1.71180E-02,  1.83835E-02,  1.98058E-02,  2.14189E-02,  2.32669E-02,  2.54059E-02,  2.79079E-02,  3.08660E-02,  3.44022E-02,  3.86805E-02,  4.39274E-02,  5.04642E-02,  5.87496E-02,  6.94284E-02,  8.33704E-02,  1.01692E-01,  1.25770E-01,  1.57317E-01,  1.98559E-01,  2.52431E-01,  3.22576E-01,  4.12710E-01,  5.24654E-01,  6.53943E-01,  7.83318E-01,  8.80184E-01,  9.08810E-01,  8.55326E-01,  7.40383E-01,  6.03041E-01,  4.74883E-01,  3.68967E-01,  2.84989E-01,  2.18398E-01,  1.65266E-01,  1.23019E-01,  8.98245E-02,  6.41347E-02,  4.45504E-02,  2.98270E-02,  1.89013E-02,  1.08984E-02,  5.12036E-03,  1.02219E-03, -1.81555E-03, -3.71280E-03, -4.91269E-03, -5.59973E-03, -5.91403E-03, -5.96204E-03, -5.82443E-03, -5.56215E-03, -5.22086E-03, -4.83440E-03, -4.42741E-03, -4.01744E-03, -3.61666E-03, -3.23310E-03, -2.87176E-03, -2.53542E-03, -2.22523E-03, -1.94125E-03, -1.68277E-03, -1.44862E-03, -1.23732E-03, -1.04726E-03, -8.76764E-04, -7.24171E-04, -5.87887E-04, -4.66394E-04, -3.58276E-04, -2.62219E-04,
  8.04107E-03,  8.47244E-03,  8.93431E-03,  9.42928E-03,  9.96029E-03,  1.05306E-02,  1.11440E-02,  1.18047E-02,  1.25178E-02,  1.32892E-02,  1.41262E-02,  1.50375E-02,  1.60342E-02,  1.71301E-02,  1.83425E-02,  1.96937E-02,  2.12120E-02,  2.29333E-02,  2.49037E-02,  2.71819E-02,  2.98437E-02,  3.29877E-02,  3.67457E-02,  4.12971E-02,  4.68908E-02,  5.38753E-02,  6.27329E-02,  7.41185E-02,  8.88991E-02,  1.08202E-01,  1.33483E-01,  1.66615E-01,  2.09929E-01,  2.66103E-01,  3.37658E-01,  4.25705E-01,  5.27486E-01,  6.33020E-01,  7.23133E-01,  7.72905E-01,  7.62542E-01,  6.90671E-01,  5.78398E-01,  4.56849E-01,  3.48947E-01,  2.62782E-01,  1.96947E-01,  1.47186E-01,  1.09497E-01,  8.08262E-02,  5.89646E-02,  4.23083E-02,  2.96651E-02,  2.01264E-02,  1.29885E-02,  7.70169E-03,  3.83755E-03,  1.06221E-03, -8.83516E-04, -2.20060E-03, -3.04482E-03, -3.53688E-03, -3.77022E-03, -3.81697E-03, -3.73258E-03, -3.55935E-03, -3.32919E-03, -3.06590E-03, -2.78687E-03, -2.50455E-03, -2.22763E-03, -1.96190E-03, -1.71103E-03, -1.47709E-03, -1.26107E-03, -1.06313E-03, -8.82899E-04, -7.19667E-04, -5.72477E-04, -4.40276E-04, -3.21949E-04, -2.16363E-04, -1.22437E-04, -3.91192E-05,  3.45787E-05,
  8.17385E-03,  8.60548E-03,  9.06688E-03,  9.56049E-03,  1.00890E-02,  1.06555E-02,  1.12633E-02,  1.19163E-02,  1.26190E-02,  1.33766E-02,  1.41955E-02,  1.50831E-02,  1.60487E-02,  1.71040E-02,  1.82635E-02,  1.95454E-02,  2.09730E-02,  2.25757E-02,  2.43909E-02,  2.64663E-02,  2.88634E-02,  3.16622E-02,  3.49684E-02,  3.89246E-02,  4.37264E-02,  4.96427E-02,  5.70438E-02,  6.64326E-02,  7.84837E-02,  9.40877E-02,  1.14401E-01,  1.40888E-01,  1.75329E-01,  2.19723E-01,  2.75992E-01,  3.45253E-01,  4.26431E-01,  5.14039E-01,  5.95774E-01,  6.52159E-01,  6.62338E-01,  6.17186E-01,  5.29217E-01,  4.24986E-01,  3.27120E-01,  2.46047E-01,  1.83241E-01,  1.36202E-01,  1.01371E-01,  7.54908E-02,  5.60710E-02,  4.13617E-02,  3.01580E-02,  2.16139E-02,  1.51147E-02,  1.01990E-02,  6.51253E-03,  3.78038E-03,  1.78726E-03,  3.64234E-04, -6.21514E-04, -1.27450E-03, -1.67686E-03, -1.89301E-03, -1.97322E-03, -1.95647E-03, -1.87271E-03, -1.74471E-03, -1.58955E-03, -1.41983E-03, -1.24467E-03, -1.07053E-03, -9.01835E-04, -7.41488E-04, -5.91252E-04, -4.52090E-04, -3.24380E-04, -2.08073E-04, -1.02848E-04, -8.21960E-06,  7.64333E-05,  1.51770E-04,  2.18509E-04,  2.77330E-04,  3.28908E-04,
  8.29032E-03,  8.72103E-03,  9.18069E-03,  9.67159E-03,  1.01962E-02,  1.07574E-02,  1.13581E-02,  1.20018E-02,  1.26926E-02,  1.34349E-02,  1.42343E-02,  1.50971E-02,  1.60312E-02,  1.70462E-02,  1.81542E-02,  1.93702E-02,  2.07131E-02,  2.22069E-02,  2.38820E-02,  2.57772E-02,  2.79421E-02,  3.04415E-02,  3.33601E-02,  3.68117E-02,  4.09498E-02,  4.59831E-02,  5.21958E-02,  5.99712E-02,  6.98210E-02,  8.24143E-02,  9.86058E-02,  1.19450E-01,  1.46179E-01,  1.80123E-01,  2.22482E-01,  2.73856E-01,  3.33299E-01,  3.96755E-01,  4.55181E-01,  4.94336E-01,  4.99913E-01,  4.68055E-01,  4.10196E-01,  3.43082E-01,  2.77270E-01,  2.17591E-01,  1.66961E-01,  1.26589E-01,  9.56821E-02,  7.23971E-02,  5.48353E-02,  4.14851E-02,  3.12573E-02,  2.33843E-02,  1.73163E-02,  1.26483E-02,  9.07311E-03,  6.35379E-03,  4.30480E-03,  2.77995E-03,  1.66341E-03,  8.63269E-04,  3.06526E-04, -6.47093E-05, -2.96194E-04, -4.23895E-04, -4.75892E-04, -4.73928E-04, -4.34665E-04, -3.70738E-04, -2.91598E-04, -2.04224E-04, -1.13686E-04, -2.35580E-05,  6.36663E-05,  1.46330E-04,  2.23428E-04,  2.94366E-04,  3.58894E-04,  4.17013E-04,  4.68847E-04,  5.14673E-04,  5.54816E-04,  5.89626E-04,  6.19505E-04,
  8.39109E-03,  8.81980E-03,  9.27660E-03,  9.76361E-03,  1.02831E-02,  1.08376E-02,  1.14300E-02,  1.20632E-02,  1.27408E-02,  1.34668E-02,  1.42459E-02,  1.50834E-02,  1.59861E-02,  1.69620E-02,  1.80209E-02,  1.91752E-02,  2.04403E-02,  2.18358E-02,  2.33863E-02,  2.51232E-02,  2.70866E-02,  2.93289E-02,  3.19178E-02,  3.49433E-02,  3.85253E-02,  4.28243E-02,  4.80547E-02,  5.45013E-02,  6.25350E-02,  7.26275E-02,  8.53564E-02,  1.01392E-01,  1.21443E-01,  1.46142E-01,  1.75806E-01,  2.09990E-01,  2.46744E-01,  2.81620E-01,  3.07150E-01,  3.14774E-01,  3.01026E-01,  2.73758E-01,  2.46952E-01,  2.25721E-01,  2.03773E-01,  1.76107E-01,  1.45059E-01,  1.15503E-01,  9.03657E-02,  7.02251E-02,  5.44808E-02,  4.22512E-02,  3.27428E-02,  2.53318E-02,  1.95467E-02,  1.50311E-02,  1.15120E-02,  8.77835E-03,  6.66467E-03,  5.04050E-03,  3.80228E-03,  2.86750E-03,  2.17026E-03,  1.65795E-03,  1.28859E-03,  1.02881E-03,  8.52230E-04,  7.38047E-04,  6.70061E-04,  6.35672E-04,  6.25204E-04,  6.31268E-04,  6.48295E-04,  6.72090E-04,  6.99578E-04,  7.28522E-04,  7.57294E-04,  7.84781E-04,  8.10242E-04,  8.33179E-04,  8.53339E-04,  8.70593E-04,  8.84930E-04,  8.96405E-04,  9.05138E-04,
  8.47679E-03,  8.90253E-03,  9.35546E-03,  9.83753E-03,  1.03508E-02,  1.08977E-02,  1.14806E-02,  1.21023E-02,  1.27659E-02,  1.34749E-02,  1.42332E-02,  1.50456E-02,  1.59176E-02,  1.68558E-02,  1.78685E-02,  1.89658E-02,  2.01602E-02,  2.14677E-02,  2.29083E-02,  2.45074E-02,  2.62974E-02,  2.83204E-02,  3.06301E-02,  3.32972E-02,  3.64141E-02,  4.01020E-02,  4.45190E-02,  4.98684E-02,  5.64054E-02,  6.44378E-02,  7.43142E-02,  8.63881E-02,  1.00940E-01,  1.18031E-01,  1.37250E-01,  1.57308E-01,  1.75522E-01,  1.87471E-01,  1.87747E-01,  1.73230E-01,  1.48586E-01,  1.27759E-01,  1.23403E-01,  1.32742E-01,  1.40897E-01,  1.37522E-01,  1.23355E-01,  1.04269E-01,  8.51461E-02,  6.83349E-02,  5.44328E-02,  4.32472E-02,  3.43478E-02,  2.72953E-02,  2.17125E-02,  1.72942E-02,  1.37987E-02,  1.10354E-02,  8.85410E-03,  7.13580E-03,  5.78608E-03,  4.72956E-03,  3.90590E-03,  3.26669E-03,  2.77309E-03,  2.39394E-03,  2.10431E-03,  1.88433E-03,  1.71822E-03,  1.59351E-03,  1.50034E-03,  1.43105E-03,  1.37965E-03,  1.34146E-03,  1.31291E-03,  1.29123E-03,  1.27433E-03,  1.26061E-03,  1.24887E-03,  1.23825E-03,  1.22808E-03,  1.21790E-03,  1.20740E-03,  1.19637E-03,  1.18468E-03,
  8.54806E-03,  8.96999E-03,  9.41818E-03,  9.89441E-03,  1.04006E-02,  1.09389E-02,  1.15115E-02,  1.21210E-02,  1.27699E-02,  1.34614E-02,  1.41990E-02,  1.49865E-02,  1.58287E-02,  1.67312E-02,  1.77007E-02,  1.87456E-02,  1.98762E-02,  2.11054E-02,  2.24496E-02,  2.39294E-02,  2.55709E-02,  2.74075E-02,  2.94819E-02,  3.18488E-02,  3.45787E-02,  3.77611E-02,  4.15096E-02,  4.59640E-02,  5.12910E-02,  5.76757E-02,  6.53018E-02,  7.43069E-02,  8.47018E-02,  9.62360E-02,  1.08194E-01,  1.19140E-01,  1.26720E-01,  1.27863E-01,  1.19999E-01,  1.03717E-01,  8.54699E-02,  7.59728E-02,  8.17761E-02,  9.78014E-02,  1.11756E-01,  1.15329E-01,  1.08457E-01,  9.54863E-02,  8.06907E-02,  6.66335E-02,  5.43876E-02,  4.41749E-02,  3.58424E-02,  2.91154E-02,  2.37093E-02,  1.93717E-02,  1.58918E-02,  1.30988E-02,  1.08557E-02,  9.05351E-03,  7.60523E-03,  6.44136E-03,  5.50616E-03,  4.75473E-03,  4.15087E-03,  3.66535E-03,  3.27456E-03,  2.95945E-03,  2.70470E-03,  2.49797E-03,  2.32939E-03,  2.19105E-03,  2.07664E-03,  1.98114E-03,  1.90054E-03,  1.83167E-03,  1.77201E-03,  1.71957E-03,  1.67276E-03,  1.63036E-03,  1.59140E-03,  1.55511E-03,  1.52092E-03,  1.48835E-03,  1.45706E-03,
  8.60562E-03,  9.02296E-03,  9.46562E-03,  9.93524E-03,  1.04336E-02,  1.09626E-02,  1.15243E-02,  1.21209E-02,  1.27547E-02,  1.34286E-02,  1.41454E-02,  1.49087E-02,  1.57222E-02,  1.65908E-02,  1.75202E-02,  1.85171E-02,  1.95902E-02,  2.07501E-02,  2.20099E-02,  2.33866E-02,  2.49011E-02,  2.65799E-02,  2.84567E-02,  3.05736E-02,  3.29836E-02,  3.57523E-02,  3.89597E-02,  4.26994E-02,  4.70763E-02,  5.21953E-02,  5.81409E-02,  6.49387E-02,  7.24934E-02,  8.05001E-02,  8.83368E-02,  9.49838E-02,  9.90813E-02,  9.93209E-02,  9.53303E-02,  8.87992E-02,  8.37265E-02,  8.43876E-02,  9.16890E-02,  1.01607E-01,  1.08158E-01,  1.07803E-01,  1.00849E-01,  8.97931E-02,  7.72721E-02,  6.50951E-02,  5.41829E-02,  4.48456E-02,  3.70621E-02,  3.06659E-02,  2.54476E-02,  2.12028E-02,  1.77512E-02,  1.49419E-02,  1.26518E-02,  1.07813E-02,  9.25072E-03,  7.99586E-03,  6.96512E-03,  6.11680E-03,  5.41707E-03,  4.83847E-03,  4.35861E-03,  3.95924E-03,  3.62552E-03,  3.34532E-03,  3.10881E-03,  2.90795E-03,  2.73621E-03,  2.58829E-03,  2.45987E-03,  2.34745E-03,  2.24814E-03,  2.15966E-03,  2.08008E-03,  2.00790E-03,  1.94185E-03,  1.88091E-03,  1.82426E-03,  1.77124E-03,  1.72130E-03,
  8.65011E-03,  9.06222E-03,  9.49868E-03,  9.96103E-03,  1.04509E-02,  1.09700E-02,  1.15202E-02,  1.21035E-02,  1.27221E-02,  1.33782E-02,  1.40745E-02,  1.48141E-02,  1.56002E-02,  1.64368E-02,  1.73288E-02,  1.82819E-02,  1.93032E-02,  2.04013E-02,  2.15874E-02,  2.28748E-02,  2.42807E-02,  2.58262E-02,  2.75376E-02,  2.94474E-02,  3.15954E-02,  3.40297E-02,  3.68061E-02,  3.99880E-02,  4.36414E-02,  4.78267E-02,  5.25821E-02,  5.78996E-02,  6.36895E-02,  6.97424E-02,  7.57033E-02,  8.10990E-02,  8.54724E-02,  8.86568E-02,  9.10920E-02,  9.38531E-02,  9.80205E-02,  1.03607E-01,  1.09059E-01,  1.12070E-01,  1.10980E-01,  1.05525E-01,  9.66398E-02,  8.58015E-02,  7.44202E-02,  6.35195E-02,  5.36819E-02,  4.51405E-02,  3.79044E-02,  3.18647E-02,  2.68652E-02,  2.27423E-02,  1.93452E-02,  1.65433E-02,  1.42278E-02,  1.23094E-02,  1.07156E-02,  9.38782E-03,  8.27860E-03,  7.34931E-03,  6.56843E-03,  5.91020E-03,  5.35345E-03,  4.88077E-03,  4.47783E-03,  4.13281E-03,  3.83596E-03,  3.57922E-03,  3.35596E-03,  3.16066E-03,  2.98879E-03,  2.83658E-03,  2.70091E-03,  2.57920E-03,  2.46931E-03,  2.36944E-03,  2.27812E-03,  2.19411E-03,  2.11640E-03,  2.04410E-03,  1.97654E-03,
  8.68225E-03,  9.08852E-03,  9.51820E-03,  9.97270E-03,  1.04535E-02,  1.09623E-02,  1.15006E-02,  1.20703E-02,  1.26734E-02,  1.33118E-02,  1.39880E-02,  1.47045E-02,  1.54642E-02,  1.62707E-02,  1.71278E-02,  1.80406E-02,  1.90150E-02,  2.00582E-02,  2.11793E-02,  2.23893E-02,  2.37021E-02,  2.51347E-02,  2.67078E-02,  2.84466E-02,  3.03814E-02,  3.25476E-02,  3.49858E-02,  3.77401E-02,  4.08554E-02,  4.43714E-02,  4.83138E-02,  5.26822E-02,  5.74378E-02,  6.24976E-02,  6.77478E-02,  7.30933E-02,  7.85464E-02,  8.43090E-02,  9.07234E-02,  9.79498E-02,  1.05451E-01,  1.11780E-01,  1.15149E-01,  1.14448E-01,  1.09752E-01,  1.01989E-01,  9.23435E-02,  8.18877E-02,  7.14592E-02,  6.16390E-02,  5.27686E-02,  4.49937E-02,  3.83206E-02,  3.26719E-02,  2.79299E-02,  2.39658E-02,  2.06559E-02,  1.78903E-02,  1.55751E-02,  1.36318E-02,  1.19959E-02,  1.06145E-02,  9.44452E-03,  8.45049E-03,  7.60329E-03,  6.87889E-03,  6.25740E-03,  5.72230E-03,  5.25985E-03,  4.85860E-03,  4.50900E-03,  4.20306E-03,  3.93409E-03,  3.69652E-03,  3.48564E-03,  3.29752E-03,  3.12885E-03,  2.97685E-03,  2.83915E-03,  2.71381E-03,  2.59913E-03,  2.49372E-03,  2.39637E-03,  2.30608E-03,  2.22199E-03,
  8.70269E-03,  9.10262E-03,  9.52501E-03,  9.97121E-03,  1.04426E-02,  1.09405E-02,  1.14667E-02,  1.20226E-02,  1.26100E-02,  1.32309E-02,  1.38872E-02,  1.45813E-02,  1.53157E-02,  1.60935E-02,  1.69181E-02,  1.77937E-02,  1.87253E-02,  1.97191E-02,  2.07826E-02,  2.19250E-02,  2.31576E-02,  2.44941E-02,  2.59511E-02,  2.75485E-02,  2.93098E-02,  3.12620E-02,  3.34359E-02,  3.58646E-02,  3.85824E-02,  4.16218E-02,  4.50103E-02,  4.87666E-02,  5.29007E-02,  5.74196E-02,  6.23455E-02,  6.77437E-02,  7.37420E-02,  8.04951E-02,  8.80282E-02,  9.59644E-02,  1.03311E-01,  1.08613E-01,  1.10568E-01,  1.08677E-01,  1.03393E-01,  9.57213E-02,  8.67316E-02,  7.72896E-02,  6.80118E-02,  5.93019E-02,  5.13945E-02,  4.43935E-02,  3.83076E-02,  3.30843E-02,  2.86375E-02,  2.48685E-02,  2.16794E-02,  1.89802E-02,  1.66920E-02,  1.47478E-02,  1.30914E-02,  1.16761E-02,  1.04631E-02,  9.42055E-03,  8.52169E-03,  7.74436E-03,  7.07006E-03,  6.48320E-03,  5.97075E-03,  5.52174E-03,  5.12686E-03,  4.77831E-03,  4.46945E-03,  4.19469E-03,  3.94926E-03,  3.72911E-03,  3.53083E-03,  3.35149E-03,  3.18861E-03,  3.04004E-03,  2.90398E-03,  2.77889E-03,  2.66342E-03,  2.55644E-03,  2.45699E-03,
  8.71209E-03,  9.10523E-03,  9.51993E-03,  9.95740E-03,  1.04189E-02,  1.09058E-02,  1.14195E-02,  1.19614E-02,  1.25332E-02,  1.31366E-02,  1.37734E-02,  1.44457E-02,  1.51558E-02,  1.59062E-02,  1.67001E-02,  1.75410E-02,  1.84334E-02,  1.93824E-02,  2.03943E-02,  2.14769E-02,  2.26396E-02,  2.38935E-02,  2.52522E-02,  2.67319E-02,  2.83509E-02,  3.01311E-02,  3.20967E-02,  3.42748E-02,  3.66943E-02,  3.93857E-02,  4.23803E-02,  4.57112E-02,  4.94157E-02,  5.35411E-02,  5.81530E-02,  6.33368E-02,  6.91772E-02,  7.56874E-02,  8.26805E-02,  8.96259E-02,  9.56206E-02,  9.96008E-02,  1.00747E-01,  9.88285E-02,  9.42325E-02,  8.77145E-02,  8.00892E-02,  7.20425E-02,  6.40775E-02,  5.65294E-02,  4.95983E-02,  4.33814E-02,  3.79007E-02,  3.31283E-02,  2.90063E-02,  2.54632E-02,  2.24246E-02,  1.98194E-02,  1.75838E-02,  1.56619E-02,  1.40060E-02,  1.25757E-02,  1.13371E-02,  1.02616E-02,  9.32529E-03,  8.50785E-03,  7.79222E-03,  7.16393E-03,  6.61070E-03,  6.12210E-03,  5.68922E-03,  5.30448E-03,  4.96141E-03,  4.65445E-03,  4.37886E-03,  4.13056E-03,  3.90607E-03,  3.70238E-03,  3.51689E-03,  3.34740E-03,  3.19197E-03,  3.04895E-03,  2.91691E-03,  2.79461E-03,  2.68100E-03,
  8.71109E-03,  9.09707E-03,  9.50370E-03,  9.93210E-03,  1.03835E-02,  1.08590E-02,  1.13600E-02,  1.18879E-02,  1.24441E-02,  1.30302E-02,  1.36478E-02,  1.42988E-02,  1.49852E-02,  1.57094E-02,  1.64741E-02,  1.72825E-02,  1.81384E-02,  1.90462E-02,  2.00113E-02,  2.10404E-02,  2.21412E-02,  2.33231E-02,  2.45974E-02,  2.59771E-02,  2.74777E-02,  2.91168E-02,  3.09147E-02,  3.28943E-02,  3.50810E-02,  3.75040E-02,  4.01953E-02,  4.31924E-02,  4.65391E-02,  5.02874E-02,  5.44951E-02,  5.92134E-02,  6.44544E-02,  7.01325E-02,  7.59869E-02,  8.15317E-02,  8.60932E-02,  8.89724E-02,  8.96755E-02,  8.80808E-02,  8.44446E-02,  7.92665E-02,  7.31170E-02,  6.65136E-02,  5.98641E-02,  5.34586E-02,  4.74824E-02,  4.20372E-02,  3.71616E-02,  3.28504E-02,  2.90709E-02,  2.57755E-02,  2.29105E-02,  2.04226E-02,  1.82617E-02,  1.63829E-02,  1.47468E-02,  1.33194E-02,  1.20714E-02,  1.09778E-02,  1.00174E-02,  9.17189E-03,  8.42585E-03,  7.76591E-03,  7.18066E-03,  6.66031E-03,  6.19640E-03,  5.78167E-03,  5.40986E-03,  5.07557E-03,  4.77412E-03,  4.50145E-03,  4.25408E-03,  4.02896E-03,  3.82348E-03,  3.63533E-03,  3.46255E-03,  3.30337E-03,  3.15634E-03,  3.02010E-03,  2.89354E-03,
  8.70032E-03,  9.07880E-03,  9.47705E-03,  9.89611E-03,  1.03371E-02,  1.08011E-02,  1.12893E-02,  1.18031E-02,  1.23436E-02,  1.29125E-02,  1.35111E-02,  1.41413E-02,  1.48047E-02,  1.55037E-02,  1.62405E-02,  1.70180E-02,  1.78395E-02,  1.87089E-02,  1.96310E-02,  2.06112E-02,  2.16563E-02,  2.27743E-02,  2.39744E-02,  2.52677E-02,  2.66670E-02,  2.81871E-02,  2.98450E-02,  3.16605E-02,  3.36560E-02,  3.58572E-02,  3.82935E-02,  4.09989E-02,  4.40109E-02,  4.73686E-02,  5.11051E-02,  5.52317E-02,  5.97094E-02,  6.44112E-02,  6.90863E-02,  7.33525E-02,  7.67437E-02,  7.88147E-02,  7.92649E-02,  7.80205E-02,  7.52362E-02,  7.12280E-02,  6.63808E-02,  6.10700E-02,  5.56151E-02,  5.02596E-02,  4.51726E-02,  4.04572E-02,  3.61646E-02,  3.23081E-02,  2.88755E-02,  2.58391E-02,  2.31632E-02,  2.08099E-02,  1.87418E-02,  1.69239E-02,  1.53245E-02,  1.39157E-02,  1.26729E-02,  1.15747E-02,  1.06025E-02,  9.74018E-03,  8.97387E-03,  8.29144E-03,  7.68241E-03,  7.13767E-03,  6.64933E-03,  6.21050E-03,  5.81520E-03,  5.45822E-03,  5.13503E-03,  4.84166E-03,  4.57466E-03,  4.33101E-03,  4.10807E-03,  3.90353E-03,  3.71538E-03,  3.54183E-03,  3.38135E-03,  3.23257E-03,  3.09429E-03,
  8.68039E-03,  9.05109E-03,  9.44069E-03,  9.85017E-03,  1.02805E-02,  1.07328E-02,  1.12082E-02,  1.17077E-02,  1.22327E-02,  1.27845E-02,  1.33644E-02,  1.39741E-02,  1.46151E-02,  1.52895E-02,  1.59993E-02,  1.67472E-02,  1.75361E-02,  1.83693E-02,  1.92510E-02,  2.01860E-02,  2.11800E-02,  2.22397E-02,  2.33732E-02,  2.45895E-02,  2.58996E-02,  2.73157E-02,  2.88525E-02,  3.05262E-02,  3.23557E-02,  3.43626E-02,  3.65707E-02,  3.90063E-02,  4.16956E-02,  4.46603E-02,  4.79102E-02,  5.14278E-02,  5.51503E-02,  5.89475E-02,  6.26097E-02,  6.58556E-02,  6.83705E-02,  6.98693E-02,  7.01638E-02,  6.92038E-02,  6.70804E-02,  6.39920E-02,  6.01952E-02,  5.59569E-02,  5.15191E-02,  4.70795E-02,  4.27849E-02,  3.87338E-02,  3.49839E-02,  3.15608E-02,  2.84674E-02,  2.56916E-02,  2.32129E-02,  2.10057E-02,  1.90436E-02,  1.73004E-02,  1.57517E-02,  1.43751E-02,  1.31503E-02,  1.20594E-02,  1.10864E-02,  1.02174E-02,  9.44012E-03,  8.74358E-03,  8.11836E-03,  7.55609E-03,  7.04947E-03,  6.59205E-03,  6.17820E-03,  5.80296E-03,  5.46197E-03,  5.15141E-03,  4.86790E-03,  4.60849E-03,  4.37056E-03,  4.15183E-03,  3.95026E-03,  3.76408E-03,  3.59171E-03,  3.43175E-03,  3.28300E-03,
  8.65186E-03,  9.01455E-03,  9.39528E-03,  9.79498E-03,  1.02146E-02,  1.06551E-02,  1.11174E-02,  1.16028E-02,  1.21122E-02,  1.26470E-02,  1.32084E-02,  1.37979E-02,  1.44169E-02,  1.50673E-02,  1.57510E-02,  1.64702E-02,  1.72277E-02,  1.80263E-02,  1.88696E-02,  1.97620E-02,  2.07081E-02,  2.17139E-02,  2.27859E-02,  2.39320E-02,  2.51612E-02,  2.64836E-02,  2.79113E-02,  2.94575E-02,  3.11372E-02,  3.29671E-02,  3.49646E-02,  3.71471E-02,  3.95293E-02,  4.21182E-02,  4.49065E-02,  4.78619E-02,  5.09157E-02,  5.39524E-02,  5.68078E-02,  5.92800E-02,  6.11563E-02,  6.22510E-02,  6.24417E-02,  6.16929E-02,  6.00578E-02,  5.76626E-02,  5.46790E-02,  5.12949E-02,  4.76904E-02,  4.40210E-02,  4.04096E-02,  3.69453E-02,  3.36858E-02,  3.06640E-02,  2.78927E-02,  2.53716E-02,  2.30908E-02,  2.10356E-02,  1.91881E-02,  1.75300E-02,  1.60429E-02,  1.47094E-02,  1.35133E-02,  1.24400E-02,  1.14759E-02,  1.06092E-02,  9.82911E-03,  9.12603E-03,  8.49151E-03,  7.91797E-03,  7.39873E-03,  6.92783E-03,  6.50004E-03,  6.11066E-03,  5.75559E-03,  5.43115E-03,  5.13411E-03,  4.86160E-03,  4.61108E-03,  4.38027E-03,  4.16720E-03,  3.97007E-03,  3.78732E-03,  3.61755E-03,  3.45952E-03,
  8.61532E-03,  8.96978E-03,  9.34148E-03,  9.73125E-03,  1.01399E-02,  1.05685E-02,  1.10178E-02,  1.14890E-02,  1.19829E-02,  1.25008E-02,  1.30439E-02,  1.36134E-02,  1.42108E-02,  1.48377E-02,  1.54958E-02,  1.61871E-02,  1.69140E-02,  1.76792E-02,  1.84857E-02,  1.93372E-02,  2.02379E-02,  2.11926E-02,  2.22069E-02,  2.32873E-02,  2.44412E-02,  2.56769E-02,  2.70038E-02,  2.84323E-02,  2.99736E-02,  3.16394E-02,  3.34409E-02,  3.53878E-02,  3.74850E-02,  3.97294E-02,  4.21036E-02,  4.45700E-02,  4.70638E-02,  4.94894E-02,  5.17221E-02,  5.36174E-02,  5.50304E-02,  5.58366E-02,  5.59545E-02,  5.53579E-02,  5.40789E-02,  5.21989E-02,  4.98341E-02,  4.71169E-02,  4.41801E-02,  4.11438E-02,  3.81080E-02,  3.51501E-02,  3.23243E-02,  2.96659E-02,  2.71937E-02,  2.49148E-02,  2.28277E-02,  2.09253E-02,  1.91971E-02,  1.76307E-02,  1.62132E-02,  1.49313E-02,  1.37726E-02,  1.27253E-02,  1.17783E-02,  1.09216E-02,  1.01459E-02,  9.44297E-03,  8.80529E-03,  8.22612E-03,  7.69939E-03,  7.21969E-03,  6.78218E-03,  6.38251E-03,  6.01680E-03,  5.68160E-03,  5.37384E-03,  5.09074E-03,  4.82987E-03,  4.58903E-03,  4.36626E-03,  4.15984E-03,  3.96818E-03,  3.78990E-03,  3.62379E-03,
  8.57128E-03,  8.91737E-03,  9.27988E-03,  9.65960E-03,  1.00573E-02,  1.04739E-02,  1.09101E-02,  1.13670E-02,  1.18456E-02,  1.23467E-02,  1.28716E-02,  1.34214E-02,  1.39974E-02,  1.46011E-02,  1.52341E-02,  1.58981E-02,  1.65952E-02,  1.73279E-02,  1.80986E-02,  1.89106E-02,  1.97674E-02,  2.06731E-02,  2.16323E-02,  2.26503E-02,  2.37330E-02,  2.48869E-02,  2.61192E-02,  2.74374E-02,  2.88492E-02,  3.03621E-02,  3.19820E-02,  3.37125E-02,  3.55516E-02,  3.74896E-02,  3.95048E-02,  4.15598E-02,  4.35980E-02,  4.55425E-02,  4.72996E-02,  4.87659E-02,  4.98403E-02,  5.04382E-02,  5.05034E-02,  5.00169E-02,  4.89981E-02,  4.75009E-02,  4.56051E-02,  4.34045E-02,  4.09970E-02,  3.84744E-02,  3.59169E-02,  3.33894E-02,  3.09411E-02,  2.86063E-02,  2.64065E-02,  2.43537E-02,  2.24519E-02,  2.06995E-02,  1.90916E-02,  1.76206E-02,  1.62777E-02,  1.50537E-02,  1.39391E-02,  1.29246E-02,  1.20013E-02,  1.11610E-02,  1.03959E-02,  9.69892E-03,  9.06349E-03,  8.48367E-03,  7.95405E-03,  7.46976E-03,  7.02636E-03,  6.61989E-03,  6.24674E-03,  5.90367E-03,  5.58779E-03,  5.29648E-03,  5.02740E-03,  4.77844E-03,  4.54773E-03,  4.33355E-03,  4.13440E-03,  3.94891E-03,  3.77585E-03,
  8.52030E-03,  8.85787E-03,  9.21108E-03,  9.58065E-03,  9.96730E-03,  1.03718E-02,  1.07950E-02,  1.12377E-02,  1.17009E-02,  1.21854E-02,  1.26922E-02,  1.32225E-02,  1.37775E-02,  1.43583E-02,  1.49665E-02,  1.56037E-02,  1.62716E-02,  1.69723E-02,  1.77081E-02,  1.84816E-02,  1.92958E-02,  2.01540E-02,  2.10601E-02,  2.20181E-02,  2.30327E-02,  2.41087E-02,  2.52512E-02,  2.64655E-02,  2.77561E-02,  2.91270E-02,  3.05802E-02,  3.21145E-02,  3.37237E-02,  3.53949E-02,  3.71054E-02,  3.88204E-02,  4.04924E-02,  4.20608E-02,  4.34551E-02,  4.46004E-02,  4.54254E-02,  4.58709E-02,  4.58977E-02,  4.54917E-02,  4.46651E-02,  4.34545E-02,  4.19153E-02,  4.01149E-02,  3.81257E-02,  3.60176E-02,  3.38543E-02,  3.16896E-02,  2.95660E-02,  2.75159E-02,  2.55614E-02,  2.37167E-02,  2.19890E-02,  2.03810E-02,  1.88914E-02,  1.75167E-02,  1.62515E-02,  1.50894E-02,  1.40236E-02,  1.30471E-02,  1.21528E-02,  1.13342E-02,  1.05848E-02,  9.89866E-03,  9.27009E-03,  8.69396E-03,  8.16551E-03,  7.68036E-03,  7.23454E-03,  6.82444E-03,  6.44673E-03,  6.09843E-03,  5.77685E-03,  5.47951E-03,  5.20421E-03,  4.94895E-03,  4.71192E-03,  4.49149E-03,  4.28619E-03,  4.09468E-03,  3.91579E-03,
  8.46285E-03,  8.79182E-03,  9.13564E-03,  9.49500E-03,  9.87056E-03,  1.02630E-02,  1.06732E-02,  1.11018E-02,  1.15496E-02,  1.20175E-02,  1.25065E-02,  1.30175E-02,  1.35516E-02,  1.41099E-02,  1.46936E-02,  1.53043E-02,  1.59435E-02,  1.66128E-02,  1.73143E-02,  1.80502E-02,  1.88228E-02,  1.96349E-02,  2.04895E-02,  2.13896E-02,  2.23387E-02,  2.33403E-02,  2.43977E-02,  2.55139E-02,  2.66915E-02,  2.79312E-02,  2.92324E-02,  3.05910E-02,  3.19982E-02,  3.34399E-02,  3.48941E-02,  3.63304E-02,  3.77095E-02,  3.89837E-02,  4.00999E-02,  4.10033E-02,  4.16425E-02,  4.19753E-02,  4.19741E-02,  4.16282E-02,  4.09457E-02,  3.99520E-02,  3.86863E-02,  3.71975E-02,  3.55394E-02,  3.37656E-02,  3.19264E-02,  3.00657E-02,  2.82202E-02,  2.64188E-02,  2.46827E-02,  2.30269E-02,  2.14610E-02,  1.99898E-02,  1.86148E-02,  1.73353E-02,  1.61485E-02,  1.50506E-02,  1.40367E-02,  1.31018E-02,  1.22407E-02,  1.14479E-02,  1.07183E-02,  1.00470E-02,  9.42923E-03,  8.86050E-03,  8.33671E-03,  7.85399E-03,  7.40880E-03,  6.99788E-03,  6.61823E-03,  6.26711E-03,  5.94202E-03,  5.64067E-03,  5.36100E-03,  5.10112E-03,  4.85931E-03,  4.63402E-03,  4.42384E-03,  4.22748E-03,  4.04381E-03,
  8.39944E-03,  8.71973E-03,  9.05411E-03,  9.40323E-03,  9.76768E-03,  1.01481E-02,  1.05453E-02,  1.09598E-02,  1.13924E-02,  1.18439E-02,  1.23152E-02,  1.28071E-02,  1.33205E-02,  1.38565E-02,  1.44162E-02,  1.50008E-02,  1.56116E-02,  1.62502E-02,  1.69180E-02,  1.76170E-02,  1.83490E-02,  1.91161E-02,  1.99207E-02,  2.07648E-02,  2.16510E-02,  2.25815E-02,  2.35581E-02,  2.45824E-02,  2.56548E-02,  2.67743E-02,  2.79381E-02,  2.91403E-02,  3.03713E-02,  3.16169E-02,  3.28569E-02,  3.40652E-02,  3.52096E-02,  3.62528E-02,  3.71543E-02,  3.78734E-02,  3.83725E-02,  3.86215E-02,  3.85999E-02,  3.83001E-02,  3.77276E-02,  3.69002E-02,  3.58464E-02,  3.46021E-02,  3.32076E-02,  3.17043E-02,  3.01318E-02,  2.85258E-02,  2.69176E-02,  2.53321E-02,  2.37894E-02,  2.23043E-02,  2.08868E-02,  1.95436E-02,  1.82779E-02,  1.70909E-02,  1.59818E-02,  1.49486E-02,  1.39884E-02,  1.30976E-02,  1.22724E-02,  1.15085E-02,  1.08021E-02,  1.01489E-02,  9.54506E-03,  8.98685E-03,  8.47069E-03,  7.99322E-03,  7.55133E-03,  7.14209E-03,  6.76282E-03,  6.41102E-03,  6.08441E-03,  5.78090E-03,  5.49855E-03,  5.23559E-03,  4.99043E-03,  4.76158E-03,  4.54771E-03,  4.34761E-03,  4.16014E-03,
  8.33055E-03,  8.64209E-03,  8.96701E-03,  9.30587E-03,  9.65923E-03,  1.00277E-02,  1.04119E-02,  1.08124E-02,  1.12300E-02,  1.16652E-02,  1.21190E-02,  1.25920E-02,  1.30850E-02,  1.35990E-02,  1.41350E-02,  1.46939E-02,  1.52768E-02,  1.58851E-02,  1.65200E-02,  1.71828E-02,  1.78752E-02,  1.85985E-02,  1.93546E-02,  2.01448E-02,  2.09707E-02,  2.18335E-02,  2.27339E-02,  2.36721E-02,  2.46473E-02,  2.56570E-02,  2.66974E-02,  2.77615E-02,  2.88396E-02,  2.99180E-02,  3.09790E-02,  3.20005E-02,  3.29562E-02,  3.38165E-02,  3.45507E-02,  3.51280E-02,  3.55206E-02,  3.57063E-02,  3.56703E-02,  3.54068E-02,  3.49197E-02,  3.42219E-02,  3.33342E-02,  3.22837E-02,  3.11008E-02,  2.98174E-02,  2.84649E-02,  2.70728E-02,  2.56666E-02,  2.42685E-02,  2.28964E-02,  2.15641E-02,  2.02821E-02,  1.90574E-02,  1.78947E-02,  1.67963E-02,  1.57630E-02,  1.47941E-02,  1.38881E-02,  1.30427E-02,  1.22551E-02,  1.15225E-02,  1.08415E-02,  1.02090E-02,  9.62170E-03,  9.07656E-03,  8.57051E-03,  8.10070E-03,  7.66437E-03,  7.25899E-03,  6.88213E-03,  6.53158E-03,  6.20523E-03,  5.90120E-03,  5.61769E-03,  5.35309E-03,  5.10587E-03,  4.87468E-03,  4.65823E-03,  4.45539E-03,  4.26508E-03,
  8.25661E-03,  8.55939E-03,  8.87485E-03,  9.20346E-03,  9.54577E-03,  9.90231E-03,  1.02736E-02,  1.06603E-02,  1.10629E-02,  1.14821E-02,  1.19185E-02,  1.23729E-02,  1.28458E-02,  1.33382E-02,  1.38508E-02,  1.43844E-02,  1.49400E-02,  1.55186E-02,  1.61212E-02,  1.67487E-02,  1.74025E-02,  1.80834E-02,  1.87926E-02,  1.95310E-02,  2.02993E-02,  2.10979E-02,  2.19267E-02,  2.27849E-02,  2.36707E-02,  2.45809E-02,  2.55107E-02,  2.64532E-02,  2.73987E-02,  2.83349E-02,  2.92461E-02,  3.01139E-02,  3.09168E-02,  3.16316E-02,  3.22341E-02,  3.27011E-02,  3.30118E-02,  3.31495E-02,  3.31035E-02,  3.28692E-02,  3.24496E-02,  3.18543E-02,  3.10988E-02,  3.02034E-02,  2.91915E-02,  2.80884E-02,  2.69186E-02,  2.57062E-02,  2.44726E-02,  2.32368E-02,  2.20145E-02,  2.08187E-02,  1.96594E-02,  1.85438E-02,  1.74773E-02,  1.64630E-02,  1.55025E-02,  1.45965E-02,  1.37442E-02,  1.29446E-02,  1.21958E-02,  1.14956E-02,  1.08418E-02,  1.02319E-02,  9.66313E-03,  9.13308E-03,  8.63920E-03,  8.17902E-03,  7.75021E-03,  7.35052E-03,  6.97786E-03,  6.63021E-03,  6.30572E-03,  6.00265E-03,  5.71937E-03,  5.45439E-03,  5.20633E-03,  4.97389E-03,  4.75589E-03,  4.55125E-03,  4.35895E-03,
  8.17807E-03,  8.47209E-03,  8.77809E-03,  9.09652E-03,  9.42783E-03,  9.77253E-03,  1.01311E-02,  1.05041E-02,  1.08919E-02,  1.12952E-02,  1.17146E-02,  1.21506E-02,  1.26038E-02,  1.30748E-02,  1.35645E-02,  1.40733E-02,  1.46021E-02,  1.51517E-02,  1.57227E-02,  1.63160E-02,  1.69322E-02,  1.75721E-02,  1.82363E-02,  1.89251E-02,  1.96386E-02,  2.03767E-02,  2.11386E-02,  2.19227E-02,  2.27267E-02,  2.35469E-02,  2.43782E-02,  2.52137E-02,  2.60445E-02,  2.68595E-02,  2.76451E-02,  2.83859E-02,  2.90643E-02,  2.96619E-02,  3.01599E-02,  3.05403E-02,  3.07874E-02,  3.08886E-02,  3.08358E-02,  3.06257E-02,  3.02604E-02,  2.97472E-02,  2.90980E-02,  2.83283E-02,  2.74564E-02,  2.65017E-02,  2.54843E-02,  2.44237E-02,  2.33377E-02,  2.22425E-02,  2.11519E-02,  2.00776E-02,  1.90290E-02,  1.80133E-02,  1.70359E-02,  1.61006E-02,  1.52095E-02,  1.43641E-02,  1.35645E-02,  1.28102E-02,  1.21004E-02,  1.14336E-02,  1.08080E-02,  1.02219E-02,  9.67320E-03,  9.15982E-03,  8.67969E-03,  8.23079E-03,  7.81109E-03,  7.41868E-03,  7.05171E-03,  6.70841E-03,  6.38715E-03,  6.08634E-03,  5.80452E-03,  5.54033E-03,  5.29249E-03,  5.05981E-03,  4.84120E-03,  4.63562E-03,  4.44216E-03,
  8.09536E-03,  8.38065E-03,  8.67723E-03,  8.98552E-03,  9.30594E-03,  9.63890E-03,  9.98486E-03,  1.03443E-02,  1.07176E-02,  1.11053E-02,  1.15078E-02,  1.19257E-02,  1.23595E-02,  1.28097E-02,  1.32769E-02,  1.37615E-02,  1.42642E-02,  1.47854E-02,  1.53258E-02,  1.58858E-02,  1.64659E-02,  1.70663E-02,  1.76873E-02,  1.83289E-02,  1.89907E-02,  1.96720E-02,  2.03715E-02,  2.10874E-02,  2.18168E-02,  2.25558E-02,  2.32995E-02,  2.40411E-02,  2.47726E-02,  2.54840E-02,  2.61638E-02,  2.67991E-02,  2.73755E-02,  2.78781E-02,  2.82923E-02,  2.86041E-02,  2.88014E-02,  2.88746E-02,  2.88175E-02,  2.86277E-02,  2.83069E-02,  2.78606E-02,  2.72980E-02,  2.66312E-02,  2.58745E-02,  2.50433E-02,  2.41538E-02,  2.32219E-02,  2.22624E-02,  2.12892E-02,  2.03143E-02,  1.93480E-02,  1.83990E-02,  1.74743E-02,  1.65790E-02,  1.57173E-02,  1.48919E-02,  1.41043E-02,  1.33557E-02,  1.26459E-02,  1.19748E-02,  1.13414E-02,  1.07447E-02,  1.01833E-02,  9.65555E-03,  9.15998E-03,  8.69486E-03,  8.25849E-03,  7.84921E-03,  7.46536E-03,  7.10536E-03,  6.76767E-03,  6.45081E-03,  6.15341E-03,  5.87413E-03,  5.61175E-03,  5.36510E-03,  5.13309E-03,  4.91471E-03,  4.70901E-03,  4.51511E-03,
  8.00887E-03,  8.28546E-03,  8.57270E-03,  8.87095E-03,  9.18057E-03,  9.50194E-03,  9.83546E-03,  1.01815E-02,  1.05405E-02,  1.09128E-02,  1.12989E-02,  1.16991E-02,  1.21139E-02,  1.25437E-02,  1.29889E-02,  1.34499E-02,  1.39271E-02,  1.44209E-02,  1.49316E-02,  1.54595E-02,  1.60047E-02,  1.65673E-02,  1.71472E-02,  1.77440E-02,  1.83571E-02,  1.89853E-02,  1.96271E-02,  2.02803E-02,  2.09420E-02,  2.16081E-02,  2.22739E-02,  2.29331E-02,  2.35785E-02,  2.42013E-02,  2.47918E-02,  2.53388E-02,  2.58309E-02,  2.62561E-02,  2.66027E-02,  2.68596E-02,  2.70176E-02,  2.70691E-02,  2.70096E-02,  2.68372E-02,  2.65532E-02,  2.61620E-02,  2.56709E-02,  2.50891E-02,  2.44282E-02,  2.37004E-02,  2.29189E-02,  2.20966E-02,  2.12460E-02,  2.03788E-02,  1.95055E-02,  1.86352E-02,  1.77756E-02,  1.69334E-02,  1.61135E-02,  1.53202E-02,  1.45562E-02,  1.38236E-02,  1.31238E-02,  1.24572E-02,  1.18240E-02,  1.12238E-02,  1.06560E-02,  1.01196E-02,  9.61358E-03,  9.13660E-03,  8.68739E-03,  8.26455E-03,  7.86672E-03,  7.49249E-03,  7.14050E-03,  6.80943E-03,  6.49800E-03,  6.20498E-03,  5.92919E-03,  5.66952E-03,  5.42492E-03,  5.19439E-03,  4.97701E-03,  4.77191E-03,  4.57826E-03,
  7.91899E-03,  8.18696E-03,  8.46494E-03,  8.75324E-03,  9.05220E-03,  9.36214E-03,  9.68342E-03,  1.00163E-02,  1.03612E-02,  1.07185E-02,  1.10884E-02,  1.14713E-02,  1.18675E-02,  1.22774E-02,  1.27012E-02,  1.31393E-02,  1.35918E-02,  1.40590E-02,  1.45411E-02,  1.50381E-02,  1.55500E-02,  1.60765E-02,  1.66174E-02,  1.71720E-02,  1.77394E-02,  1.83182E-02,  1.89068E-02,  1.95027E-02,  2.01029E-02,  2.07037E-02,  2.13003E-02,  2.18872E-02,  2.24578E-02,  2.30046E-02,  2.35191E-02,  2.39923E-02,  2.44144E-02,  2.47759E-02,  2.50673E-02,  2.52800E-02,  2.54067E-02,  2.54416E-02,  2.53810E-02,  2.52237E-02,  2.49707E-02,  2.46255E-02,  2.41937E-02,  2.36830E-02,  2.31024E-02,  2.24618E-02,  2.17719E-02,  2.10435E-02,  2.02869E-02,  1.95121E-02,  1.87280E-02,  1.79428E-02,  1.71635E-02,  1.63959E-02,  1.56450E-02,  1.49148E-02,  1.42082E-02,  1.35274E-02,  1.28740E-02,  1.22489E-02,  1.16526E-02,  1.10850E-02,  1.05458E-02,  1.00346E-02,  9.55045E-03,  9.09256E-03,  8.65985E-03,  8.25126E-03,  7.86565E-03,  7.50186E-03,  7.15873E-03,  6.83516E-03,  6.53000E-03,  6.24219E-03,  5.97069E-03,  5.71452E-03,  5.47272E-03,  5.24439E-03,  5.02869E-03,  4.82482E-03,  4.63203E-03,
  7.82611E-03,  8.08554E-03,  8.35435E-03,  8.63284E-03,  8.92130E-03,  9.21999E-03,  9.52921E-03,  9.84925E-03,  1.01804E-02,  1.05229E-02,  1.08770E-02,  1.12430E-02,  1.16211E-02,  1.20117E-02,  1.24147E-02,  1.28306E-02,  1.32592E-02,  1.37009E-02,  1.41554E-02,  1.46228E-02,  1.51029E-02,  1.55952E-02,  1.60992E-02,  1.66141E-02,  1.71388E-02,  1.76719E-02,  1.82114E-02,  1.87550E-02,  1.92997E-02,  1.98419E-02,  2.03772E-02,  2.09006E-02,  2.14062E-02,  2.18876E-02,  2.23374E-02,  2.27482E-02,  2.31119E-02,  2.34206E-02,  2.36669E-02,  2.38437E-02,  2.39454E-02,  2.39673E-02,  2.39067E-02,  2.37626E-02,  2.35360E-02,  2.32294E-02,  2.28477E-02,  2.23968E-02,  2.18840E-02,  2.13174E-02,  2.07058E-02,  2.00579E-02,  1.93828E-02,  1.86886E-02,  1.79831E-02,  1.72735E-02,  1.65660E-02,  1.58660E-02,  1.51780E-02,  1.45059E-02,  1.38526E-02,  1.32203E-02,  1.26109E-02,  1.20254E-02,  1.14645E-02,  1.09286E-02,  1.04176E-02,  9.93124E-03,  9.46908E-03,  9.03047E-03,  8.61465E-03,  8.22077E-03,  7.84795E-03,  7.49521E-03,  7.16163E-03,  6.84621E-03,  6.54803E-03,  6.26614E-03,  5.99962E-03,  5.74762E-03,  5.50927E-03,  5.28377E-03,  5.07037E-03,  4.86832E-03,  4.67694E-03,
  7.73058E-03,  7.98156E-03,  8.24134E-03,  8.51016E-03,  8.78827E-03,  9.07591E-03,  9.37333E-03,  9.68073E-03,  9.99838E-03,  1.03265E-02,  1.06652E-02,  1.10148E-02,  1.13754E-02,  1.17471E-02,  1.21301E-02,  1.25245E-02,  1.29302E-02,  1.33472E-02,  1.37754E-02,  1.42146E-02,  1.46644E-02,  1.51243E-02,  1.55936E-02,  1.60714E-02,  1.65564E-02,  1.70472E-02,  1.75417E-02,  1.80377E-02,  1.85322E-02,  1.90219E-02,  1.95029E-02,  1.99704E-02,  2.04195E-02,  2.08444E-02,  2.12390E-02,  2.15968E-02,  2.19115E-02,  2.21763E-02,  2.23853E-02,  2.25329E-02,  2.26143E-02,  2.26262E-02,  2.25663E-02,  2.24340E-02,  2.22299E-02,  2.19563E-02,  2.16170E-02,  2.12167E-02,  2.07616E-02,  2.02582E-02,  1.97138E-02,  1.91356E-02,  1.85311E-02,  1.79075E-02,  1.72713E-02,  1.66289E-02,  1.59857E-02,  1.53467E-02,  1.47160E-02,  1.40972E-02,  1.34932E-02,  1.29063E-02,  1.23382E-02,  1.17903E-02,  1.12634E-02,  1.07580E-02,  1.02744E-02,  9.81252E-03,  9.37211E-03,  8.95278E-03,  8.55400E-03,  8.17511E-03,  7.81544E-03,  7.47422E-03,  7.15067E-03,  6.84396E-03,  6.55330E-03,  6.27790E-03,  6.01695E-03,  5.76968E-03,  5.53535E-03,  5.31322E-03,  5.10264E-03,  4.90292E-03,  4.71343E-03,
  7.63274E-03,  7.87538E-03,  8.12627E-03,  8.38558E-03,  8.65354E-03,  8.93035E-03,  9.21621E-03,  9.51130E-03,  9.81578E-03,  1.01298E-02,  1.04536E-02,  1.07872E-02,  1.11308E-02,  1.14844E-02,  1.18480E-02,  1.22217E-02,  1.26054E-02,  1.29988E-02,  1.34019E-02,  1.38142E-02,  1.42354E-02,  1.46647E-02,  1.51015E-02,  1.55446E-02,  1.59928E-02,  1.64445E-02,  1.68979E-02,  1.73506E-02,  1.77999E-02,  1.82427E-02,  1.86753E-02,  1.90938E-02,  1.94935E-02,  1.98695E-02,  2.02167E-02,  2.05296E-02,  2.08028E-02,  2.10309E-02,  2.12089E-02,  2.13324E-02,  2.13976E-02,  2.14018E-02,  2.13431E-02,  2.12212E-02,  2.10366E-02,  2.07913E-02,  2.04882E-02,  2.01312E-02,  1.97255E-02,  1.92764E-02,  1.87898E-02,  1.82720E-02,  1.77292E-02,  1.71675E-02,  1.65925E-02,  1.60099E-02,  1.54243E-02,  1.48403E-02,  1.42617E-02,  1.36918E-02,  1.31333E-02,  1.25886E-02,  1.20593E-02,  1.15468E-02,  1.10523E-02,  1.05762E-02,  1.01191E-02,  9.68100E-03,  9.26196E-03,  8.86172E-03,  8.47994E-03,  8.11617E-03,  7.76986E-03,  7.44044E-03,  7.12727E-03,  6.82967E-03,  6.54698E-03,  6.27852E-03,  6.02360E-03,  5.78154E-03,  5.55169E-03,  5.33342E-03,  5.12611E-03,  4.92917E-03,  4.74201E-03,
  7.53291E-03,  7.76736E-03,  8.00949E-03,  8.25948E-03,  8.51750E-03,  8.78372E-03,  9.05828E-03,  9.34134E-03,  9.63303E-03,  9.93346E-03,  1.02427E-02,  1.05609E-02,  1.08880E-02,  1.12241E-02,  1.15691E-02,  1.19229E-02,  1.22854E-02,  1.26564E-02,  1.30356E-02,  1.34225E-02,  1.38166E-02,  1.42172E-02,  1.46234E-02,  1.50343E-02,  1.54484E-02,  1.58643E-02,  1.62800E-02,  1.66934E-02,  1.71019E-02,  1.75027E-02,  1.78925E-02,  1.82677E-02,  1.86242E-02,  1.89579E-02,  1.92643E-02,  1.95387E-02,  1.97768E-02,  1.99739E-02,  2.01261E-02,  2.02298E-02,  2.02818E-02,  2.02800E-02,  2.02230E-02,  2.01104E-02,  1.99428E-02,  1.97218E-02,  1.94498E-02,  1.91302E-02,  1.87670E-02,  1.83647E-02,  1.79284E-02,  1.74631E-02,  1.69742E-02,  1.64669E-02,  1.59462E-02,  1.54167E-02,  1.48828E-02,  1.43485E-02,  1.38172E-02,  1.32920E-02,  1.27754E-02,  1.22698E-02,  1.17767E-02,  1.12977E-02,  1.08337E-02,  1.03857E-02,  9.95399E-03,  9.53900E-03,  9.14079E-03,  8.75930E-03,  8.39435E-03,  8.04564E-03,  7.71278E-03,  7.39532E-03,  7.09276E-03,  6.80456E-03,  6.53016E-03,  6.26899E-03,  6.02047E-03,  5.78402E-03,  5.55906E-03,  5.34503E-03,  5.14138E-03,  4.94760E-03,  4.76316E-03,
  7.43142E-03,  7.65780E-03,  7.89135E-03,  8.13220E-03,  8.38050E-03,  8.63637E-03,  8.89993E-03,  9.17129E-03,  9.45054E-03,  9.73775E-03,  1.00330E-02,  1.03362E-02,  1.06475E-02,  1.09667E-02,  1.12938E-02,  1.16286E-02,  1.19710E-02,  1.23206E-02,  1.26770E-02,  1.30398E-02,  1.34085E-02,  1.37821E-02,  1.41599E-02,  1.45408E-02,  1.49235E-02,  1.53064E-02,  1.56877E-02,  1.60655E-02,  1.64373E-02,  1.68005E-02,  1.71522E-02,  1.74892E-02,  1.78079E-02,  1.81048E-02,  1.83759E-02,  1.86174E-02,  1.88255E-02,  1.89966E-02,  1.91271E-02,  1.92143E-02,  1.92556E-02,  1.92492E-02,  1.91941E-02,  1.90899E-02,  1.89372E-02,  1.87373E-02,  1.84923E-02,  1.82050E-02,  1.78785E-02,  1.75169E-02,  1.71242E-02,  1.67049E-02,  1.62633E-02,  1.58041E-02,  1.53313E-02,  1.48493E-02,  1.43617E-02,  1.38722E-02,  1.33839E-02,  1.28995E-02,  1.24216E-02,  1.19521E-02,  1.14928E-02,  1.10451E-02,  1.06101E-02,  1.01886E-02,  9.78132E-03,  9.38855E-03,  9.01054E-03,  8.64736E-03,  8.29895E-03,  7.96514E-03,  7.64568E-03,  7.34022E-03,  7.04839E-03,  6.76976E-03,  6.50388E-03,  6.25027E-03,  6.00845E-03,  5.77790E-03,  5.55814E-03,  5.34868E-03,  5.14904E-03,  4.95875E-03,  4.77735E-03,
  7.32853E-03,  7.54702E-03,  7.77216E-03,  8.00408E-03,  8.24288E-03,  8.48867E-03,  8.74153E-03,  9.00153E-03,  9.26872E-03,  9.54312E-03,  9.82477E-03,  1.01136E-02,  1.04096E-02,  1.07127E-02,  1.10226E-02,  1.13393E-02,  1.16624E-02,  1.19917E-02,  1.23267E-02,  1.26668E-02,  1.30115E-02,  1.33600E-02,  1.37113E-02,  1.40644E-02,  1.44180E-02,  1.47707E-02,  1.51207E-02,  1.54662E-02,  1.58049E-02,  1.61345E-02,  1.64523E-02,  1.67555E-02,  1.70411E-02,  1.73058E-02,  1.75464E-02,  1.77595E-02,  1.79421E-02,  1.80909E-02,  1.82033E-02,  1.82767E-02,  1.83092E-02,  1.82993E-02,  1.82462E-02,  1.81497E-02,  1.80101E-02,  1.78287E-02,  1.76072E-02,  1.73479E-02,  1.70535E-02,  1.67273E-02,  1.63728E-02,  1.59937E-02,  1.55938E-02,  1.51770E-02,  1.47469E-02,  1.43072E-02,  1.38613E-02,  1.34123E-02,  1.29630E-02,  1.25159E-02,  1.20734E-02,  1.16374E-02,  1.12095E-02,  1.07911E-02,  1.03833E-02,  9.98705E-03,  9.60293E-03,  9.23146E-03,  8.87293E-03,  8.52752E-03,  8.19527E-03,  7.87611E-03,  7.56990E-03,  7.27639E-03,  6.99532E-03,  6.72636E-03,  6.46913E-03,  6.22327E-03,  5.98834E-03,  5.76395E-03,  5.54965E-03,  5.34502E-03,  5.14966E-03,  4.96313E-03,  4.78504E-03,
